0.87799847126007
-0.60951310396194
-1.20360064506531
0.31759947538376
-0.14719842374325
0.24378836154938
0.04088279604912
-0.40035602450371
-0.48728722333908
-0.11910441517830
0.35949376225471
-0.09463424235582
-0.27747005224228
0.95410609245300
-1.27141988277435
-0.55604100227356
1.20066678524017
-0.73073667287827
0.96025061607361
-0.31858700513840
-1.05440592765808
-1.17217063903809
1.44991183280945
-1.08265721797943
-1.22989428043365
1.59414148330688
-0.51240164041519
0.25313255190849
0.23490446805954
-0.16959328949451
0.69953840970993
-0.19066773355007
0.19487021863461
0.17962136864662
-0.31109800934792
-0.05570385232568
0.29104614257812
-0.83428710699081
1.95058739185333
-1.49098277091980
0.45816946029663
0.16176874935627
-0.31763494014740
0.27626973390579
0.43259215354919
0.44650870561600
-1.11653280258179
-1.75409448146820
0.55003446340561
0.17874215543270
0.18127281963825
0.38963752985001
0.28794983029366
-0.81641030311584
0.32432189583778
-0.99513202905655
0.44013750553131
0.35215565562248
0.82508963346481
-0.64281421899796
-0.34616199135780
-1.14827001094818
0.68990635871887
-0.18164449930191
0.27364850044250
0.54247361421585
-1.55398392677307
0.05947852507234
-0.65659004449844
-0.14663143455982
-0.17267476022243
0.85421264171600
-0.98542904853821
-0.50018948316574
-1.45098567008972
0.17660956084728
0.52661848068237
0.48383477330208
0.70532107353210
0.52652895450592
-0.91926062107086
0.44662585854530
-0.54361265897751
0.38404071331024
-0.30112671852112
-0.92031729221344
1.59222447872162
-1.16093826293945
0.51831173896790
0.23920321464539
-1.49929654598236
-0.83053380250931
-0.28877612948418
1.00002372264862
0.34583544731140
-0.09793839603662
-2.45780229568481
-2.24901127815247
0.24596895277500
0.04016985371709
0.28335794806480
-0.95212703943253
1.24695229530334
-1.77569127082825
0.63428294658661
-2.87696647644043
-0.98194676637650
0.54750227928162
0.43126410245895
-1.76494121551514
0.17336781322956
1.54281198978424
-1.23792791366577
-1.55196118354797
-0.91502982378006
-0.28665259480476
0.20563060045242
-0.05346278846264
-0.73260724544525
0.75359570980072
-0.55434489250183
0.45922145247459
0.11646837741137
-0.47737580537796
0.06624936312437
0.27940976619720
0.61140376329422
0.71837699413300
-0.51228350400925
0.60990977287292
-0.52990078926086
0.05259963124990
0.32857045531273
-0.35412874817848
0.19653582572937
-0.21942664682865
-2.11007571220398
-1.13907825946808
0.07053989917040
0.46865877509117
-0.12877307832241
-0.49749374389648
0.41328397393227
0.26752150058746
0.82022237777710
-0.01159403938800
0.02869265154004
-0.05016290023923
-0.70817935466766
-0.75969326496124
0.35246872901917
0.65849679708481
-1.05147051811218
-2.65756726264954
-0.86728596687317
-0.86963832378387
-0.69234967231750
0.48859012126923
-1.12383472919464
0.60823804140091
-3.17771697044373
0.03839004784822
0.52647989988327
0.66974025964737
-0.39830419421196
-0.86867374181747
1.29336118698120
-2.27166676521301
0.10689573734999
-0.78722345829010
0.58603030443192
-0.27899742126465
0.10691132396460
-0.56253063678741
-0.89457559585571
0.34773212671280
-2.59544491767883
0.51949119567871
-0.13372707366943
-0.80760020017624
-0.34437891840935
-0.46867001056671
0.04165134206414
-1.14138126373291
0.03423670306802
-1.76723432540894
-0.29288241267204
0.53140169382095
0.32334271073341
-1.11589312553406
0.39685270190239
0.61704325675964
-0.22752031683922
-0.64115750789642
-0.05306968465447
0.01313497126102
0.40587323904037
0.08391186594963
-0.93773388862610
-0.79688549041748
-0.43090277910233
-0.66194099187851
-0.70624667406082
-0.05486733093858
-2.52293419837952
-0.58525913953781
0.75949543714523
-0.90577048063278
-0.67811942100525
-0.24468815326691
-0.47657853364944
0.38928899168968
0.13433840870857
-0.12770238518715
-0.77563267946243
0.85327345132828
-1.20517027378082
-0.84567058086395
-2.01915740966797
-1.17777717113495
-0.56555956602097
0.65938383340836
0.97059094905853
0.57095640897751
-0.55405181646347
0.37684902548790
-0.12616840004921
-0.04569604247808
-0.01609132438898
-0.95740270614624
-0.67103248834610
0.55281174182892
0.97799313068390
0.11549412459135
0.45157369971275
-0.57118070125580
-0.34766831994057
0.21698506176472
-0.83311599493027
0.49776723980904
-2.38665771484375
0.91046160459518
-1.55967259407043
-0.54907548427582
-0.54178303480148
0.02607019804418
0.95720034837723
-0.11200954020023
-1.28923451900482
0.32657122612000
0.66300481557846
0.00285580474883
0.04246774315834
-0.78968375921249
-2.06211900711060
-0.58947497606277
-0.00405926816165
-0.05557543411851
-0.03973145782948
0.01730604097247
-0.05452306941152
-0.26639360189438
0.07294180989265
-0.26004990935326
-0.14064186811447
-0.39338016510010
-0.02623500302434
-0.20661503076553
0.03945353627205
-0.06618463993073
-0.14142397046089
-0.25971698760986
-0.73544013500214
-1.12836110591888
0.33038973808289
-0.53895872831345
-0.35390999913216
-0.73620426654816
-0.49427545070648
-0.71720278263092
0.17815415561199
-0.45856603980064
-0.38105386495590
0.16003562510014
-0.81116247177124
0.07473442703485
-1.91599726676941
-0.64624512195587
-1.61287212371826
2.18850779533386
-0.59016698598862
-0.97549033164978
-2.73520874977112
0.58867675065994
1.00235736370087
-1.93354439735413
-1.15235257148743
-0.74361288547516
-0.49179631471634
0.11620900034904
-0.74259257316589
-2.05503654479980
-0.66172093153000
0.13400562107563
-0.55950111150742
-1.29590761661530
0.21270282566547
0.47818103432655
-0.36639255285263
-0.67404288053513
-0.56597572565079
-0.00331672187895
0.53416252136230
0.82314288616180
-1.62813043594360
-0.19995412230492
0.39578527212143
0.47202157974243
0.61570131778717
0.74912714958191
1.17306387424469
-0.80257463455200
0.09240435808897
-1.97920715808868
0.43237113952637
0.36346647143364
-0.51746273040771
-0.08645150810480
0.27498182654381
0.39249327778816
-1.70762360095978
0.23674070835114
0.08229090273380
-0.56894737482071
-0.03056612610817
-0.47271960973740
-0.59558874368668
-1.25364935398102
0.60745209455490
-1.24809086322784
0.17794914543629
0.37857297062874
-0.83075183629990
0.18001517653465
0.67828959226608
0.05777464061975
-0.79157108068466
0.21401622891426
0.26627022027969
1.05847537517548
-1.07533180713654
0.23770000040531
-1.41625213623047
1.62253379821777
-0.74711275100708
0.20145143568516
-3.82081151008606
0.24830123782158
0.82700848579407
0.44269478321075
-1.36086606979370
-0.88430804014206
0.40146726369858
-0.02604854293168
-1.56555700302124
-1.85579895973206
-0.89529931545258
0.08258877694607
-1.21312701702118
1.30133998394012
-0.36106389760971
0.48650035262108
-1.92865383625031
-0.20154185593128
0.73324054479599
-1.17970371246338
0.37153479456902
-0.65416216850281
-0.20894762873650
-0.18234731256962
-2.04037237167358
-0.00711173284799
-1.15689480304718
-1.19309341907501
1.19299185276031
-2.25156402587891
-0.42709475755692
-0.39487174153328
0.17358897626400
0.71981173753738
0.17966003715992
0.25282105803490
-0.99039947986603
0.21844284236431
-1.62334740161896
-0.75780975818634
-0.99625521898270
0.32967391610146
0.33654335141182
0.09512902796268
0.61870431900024
2.82081151008606
-0.21061320602894
0.26636508107185
0.17886941134930
1.15824270248413
0.24528604745865
-0.65777581930161
0.17678979039192
-0.65224605798721
-0.00591628067195
-1.10223782062531
-0.82442426681519
0.32903212308884
-0.23477451503277
0.03271589800715
-0.75001335144043
-0.94385015964508
-0.57083261013031
0.31677678227425
-0.21150618791580
-0.98663866519928
1.62675786018372
0.63262915611267
-0.12192602455616
0.44742205739021
-0.09071387350559
-0.32305374741554
-0.09205973148346
0.09959782660007
0.48939242959023
0.18168845772743
-0.10275137424469
2.51035404205322
0.69140565395355
-1.37754118442535
-1.14199912548065
1.80635952949524
1.83654713630676
0.25248619914055
0.05123801529408
-1.25695753097534
-1.07952260971069
-0.61542707681656
-1.26574897766113
1.02247750759125
0.34705737233162
-0.52261668443680
-2.53829669952393
-1.36041283607483
0.37822470068932
0.09579876065254
-0.57475578784943
-0.73312169313431
-0.37846484780312
-1.04142701625824
0.40519696474075
0.92485094070435
0.01063713803887
-0.63056069612503
-1.29504477977753
0.57551074028015
-0.88088059425354
-2.55758976936340
0.64231860637665
0.83987212181091
1.53455257415771
-1.98245608806610
-0.91775512695312
2.30995392799377
2.86356401443481
0.02163378521800
0.26733943820000
-0.82641178369522
-1.64400696754456
0.60921406745911
-0.12951251864433
1.57182741165161
0.37629911303520
-2.44175028800964
0.33602929115295
-1.61170649528503
0.50403624773026
-0.41412422060966
-0.77818810939789
-1.01236307621002
0.17240378260612
0.21407926082611
0.63511615991592
0.75152885913849
-1.08624804019928
0.16840434074402
0.24686522781849
-0.74502462148666
0.32997065782547
-1.41788578033447
-1.09467899799347
-1.03502655029297
-0.26551029086113
0.18212540447712
-0.97410124540329
-0.82774358987808
-0.66103112697601
-0.47639071941376
-0.18676540255547
0.78750997781754
0.29996865987778
-0.12528973817825
0.16742072999477
0.10315754264593
0.79013782739639
-0.15477108955383
0.50192743539810
0.95024901628494
0.82562303543091
-0.78472506999969
-0.94576877355576
1.68928539752960
1.85207557678223
-0.01544495392591
0.46097049117088
0.28889185190201
-0.67732936143875
0.21702419221401
-0.01853005774319
1.32104074954987
0.23835989832878
-1.68789577484131
-0.12375360727310
-0.78471249341965
-0.63083034753799
-0.62481153011322
-0.40084168314934
-0.37507966160774
-0.34501275420189
-0.13167019188404
0.24236087501049
-0.66149866580963
0.02061380632222
-0.16395580768585
-0.72798216342926
0.09507148712873
-0.60211026668549
-0.52119332551956
0.07860583066940
2.36322450637817
0.17465353012085
0.32452595233917
0.27806022763252
0.46026113629341
0.65323156118393
0.47455430030823
-0.68552684783936
-0.79644221067429
-1.64938938617706
0.22282205522060
-2.92650341987610
0.16483882069588
0.10406187176704
-0.84994506835938
0.06287255883217
0.15817008912563
-0.32464370131493
0.85693591833115
0.11725176125765
-0.18252103030682
0.50128227472305
0.20228962600231
0.22477929294109
0.48125314712524
-0.29398456215858
-1.50022852420807
1.35611653327942
0.02272896468639
0.30841222405434
0.57327789068222
0.43241173028946
0.42683520913124
0.57716101408005
-0.68330872058868
-0.26321679353714
0.55017930269241
-1.17724096775055
0.77123105525970
-0.74769526720047
0.40948453545570
-1.40643310546875
0.82850515842438
-1.11606609821320
0.71015065908432
0.65711927413940
-0.13697209954262
0.54023647308350
-0.33435812592506
0.15980251133442
-0.51248741149902
-0.29623550176620
-0.48844006657600
-0.44559738039970
-0.24463032186031
0.47611999511719
-0.47033548355103
0.66832309961319
0.57978838682175
-0.01619582995772
-0.23525850474834
-0.22428426146507
0.48393931984901
-0.78773045539856
0.33024501800537
0.57772833108902
0.39433255791664
1.44604611396790
1.04173684120178
0.40402358770370
-0.04294714331627
-1.03683841228485
-0.54512333869934
-0.92763590812683
0.77957922220230
0.26599401235580
-0.20946006476879
-0.64294755458832
0.95829510688782
-0.35138911008835
-0.08367246389389
0.71523553133011
-0.93880820274353
-0.07081734389067
1.44054806232452
0.00691584637389
-0.57408320903778
-1.43776071071625
0.29091912508011
-0.52109104394913
-0.64785867929459
0.52948880195618
-0.13137491047382
0.75903785228729
0.93271684646606
0.09480106085539
-0.24133644998074
-1.07004201412201
-0.36317288875580
-0.10464341193438
-0.48070773482323
-0.41658931970596
-0.20791333913803
0.67349267005920
0.15924559533596
-0.08297684788704
-1.49637830257416
-1.66911292076111
-0.09738799929619
1.41351199150085
-1.32384979724884
-0.31931397318840
0.51978272199631
0.58914637565613
-0.52474910020828
0.58887922763824
-0.10154161602259
-1.08306860923767
0.49516144394875
0.13648550212383
-0.67253887653351
0.86827749013901
-1.08654904365540
0.09309801459312
-0.83641296625137
-0.03978728502989
-0.12629704177380
0.75217235088348
-2.10714125633240
-0.23388248682022
0.62408632040024
0.49557378888130
-0.32416304945946
-0.65192776918411
-0.25621050596237
-0.82747405767441
0.20436397194862
-0.04906409233809
0.20371420681477
0.28479412198067
0.56822317838669
-0.82109045982361
-0.38138192892075
-0.68602216243744
0.06453156471252
-0.73751807212830
0.14295323193073
-0.66576635837555
-1.23299217224121
0.66949903964996
-1.64115655422211
0.02359463088214
0.45560461282730
-0.30664443969727
-0.02760341949761
0.22157037258148
0.51843452453613
-0.91454839706421
-0.27700084447861
-0.83554172515869
-0.35211542248726
-0.48466077446938
0.16618852317333
0.68416696786880
-1.26403927803040
0.07356162369251
-0.10885281860828
1.33410358428955
-0.53112941980362
0.06375376135111
1.26216912269592
0.59196889400482
-0.75946980714798
-0.28969377279282
-0.45054873824120
-0.42267721891403
0.19335968792439
0.08948560804129
0.50728130340576
-0.76396805047989
-0.46175420284271
-1.04720461368561
-0.57935976982117
-0.50727242231369
-0.43163132667542
-0.15134298801422
-0.57566380500793
-0.52648860216141
0.84853523969650
-0.97542691230774
0.68706244230270
-0.24105407297611
0.23204921185970
-0.77363866567612
-0.26973897218704
0.43581253290176
0.94283932447433
0.58207648992538
0.71786820888519
-0.11145819723606
-0.73560607433319
-0.37665590643883
0.39579835534096
-0.31995031237602
-0.06283797323704
-0.06008202210069
0.40754708647728
-0.14399862289429
0.38417881727219
0.26419356465340
-0.96147853136063
0.45270851254463
0.92977285385132
-0.51461488008499
-0.14264258742332
0.06763166934252
-1.44883942604065
0.28330937027931
-1.49532914161682
0.49858394265175
0.60007077455521
-0.56138104200363
0.73612493276596
1.07129836082458
-1.81350910663605
0.02852735109627
-0.14877362549305
-1.10521888732910
0.04289690777659
0.32176068425179
-0.04493070393801
-0.30523705482483
0.66853106021881
-0.87109446525574
-0.87724405527115
-1.83971655368805
0.35243803262711
0.49260082840919
-1.64447987079620
-0.97274279594421
0.45640656352043
0.86840003728867
-0.65489292144775
0.03348084539175
-1.24041759967804
0.06835497170687
-0.37366986274719
-0.15098258852959
-0.67723810672760
0.41737189888954
0.39691531658173
0.30981767177582
-0.14060471951962
-0.08187399059534
0.51191020011902
0.75448846817017
0.31341648101807
0.73321312665939
0.01469926163554
-0.52615094184875
-0.10341568291187
0.63407754898071
-0.65823084115982
0.76433205604553
-0.11111328005791
0.76685512065887
-1.01367020606995
1.23571789264679
-0.06698623299599
0.24281160533428
-0.43656474351883
-2.52078962326050
-0.29839721322060
0.87972968816757
0.27679446339607
0.58347135782242
-0.62427085638046
-1.14843225479126
-0.36243054270744
0.21006208658218
0.11447329074144
0.54071003198624
0.12461785227060
0.05360380932689
1.04205524921417
0.90627783536911
-0.96916729211807
1.38235831260681
-0.50065028667450
-0.73888629674911
-0.76653355360031
0.61621272563934
-0.60439252853394
0.03216604143381
-0.07016731053591
-0.56318271160126
0.13397039473057
-0.65643262863159
-1.66711580753326
0.87425780296326
-0.37733399868011
0.77720272541046
0.64635169506073
0.37916687130928
0.92624533176422
-0.67480003833771
0.14300636947155
-0.76563078165054
-0.71807003021240
-0.74691003561020
0.13015963137150
0.48592752218246
-0.80383390188217
-1.08542621135712
0.71130669116974
-0.14159026741982
0.39530289173126
-0.75494521856308
0.83279895782471
-1.17961668968201
-0.58478581905365
0.36158007383347
0.52569061517715
0.59370470046997
-1.17605793476105
0.11282481253147
-0.86729300022125
1.89561569690704
0.15175491571426
0.43107303977013
-0.66845798492432
0.90224498510361
-0.09039176255465
-0.01580074802041
-0.05680312588811
-0.12306094169617
-0.28041517734528
0.33305701613426
-0.04144870489836
-0.01248445175588
0.29753053188324
0.67283171415329
0.13790719211102
-0.12612725794315
0.47926318645477
-0.57409852743149
-0.59557479619980
-0.32006356120110
-0.74998396635056
-0.04778424277902
0.19535197317600
-0.28514266014099
-1.90201592445374
0.62562304735184
-0.31393945217133
-0.01428541168571
0.25299590826035
-1.77289843559265
-0.36153936386108
-0.76735961437225
-0.08626157790422
0.11492283642292
0.23850229382515
0.20134899020195
-1.51367259025574
0.43745169043541
-1.23921239376068
0.83940970897675
-1.12206697463989
0.20441986620426
-1.00971150398254
0.09047656506300
-0.07105197757483
0.70184719562531
0.66258764266968
-0.41305342316628
0.63831138610840
0.47140485048294
0.33311095833778
-0.69932311773300
-0.07939068228006
-0.72686332464218
0.63437038660049
-0.45698314905167
-0.85092014074326
0.17868088185787
-0.69458746910095
1.04776167869568
-1.30276811122894
1.44052815437317
0.04972832277417
-0.50191026926041
0.52430516481400
-2.10738730430603
1.48281145095825
-1.65860521793365
-1.40404629707336
0.92256951332092
-1.26545929908752
1.37892532348633
-0.22019669413567
0.19727171957493
0.28775820136070
-0.67993623018265
-0.14227972924709
1.37790739536285
0.55212932825089
-1.10823988914490
-0.52142798900604
0.34083962440491
1.07888782024384
-0.26627293229103
0.42976662516594
-0.63455939292908
-0.34807479381561
-2.08162879943848
0.16145427525043
-0.30383771657944
-1.32653641700745
0.84015166759491
-0.23407900333405
-0.47810810804367
0.18499042093754
0.57729339599609
0.63773757219315
-0.95781010389328
-0.95233923196793
-4.51368474960327
-0.58593678474426
0.01176387816668
0.04157404229045
-0.89841359853745
0.34016114473343
1.13199639320374
-0.02390129864216
0.22639721632004
-1.50631046295166
1.52073490619659
0.35178700089455
-1.78429126739502
-1.62668311595917
-0.22713078558445
3.30748081207275
0.12292019277811
-1.15772652626038
0.53887987136841
-2.22668027877808
-0.03424172103405
0.33675488829613
0.03297476097941
0.36726400256157
-0.51639455556870
-0.36400908231735
-0.19860322773457
0.94326573610306
-0.27381774783134
-0.24518266320229
0.33791404962540
0.71262615919113
0.03758981823921
-0.51517361402512
-0.64846402406693
-0.09739403426647
-1.33043909072876
0.31584259867668
-1.91085135936737
-1.51010107994080
-0.80457818508148
-1.02750921249390
-1.04327213764191
0.55077958106995
0.02447940222919
-1.21870052814484
-0.33932265639305
2.45963072776794
0.29695659875870
-0.04201431944966
-3.13651990890503
0.05405111238360
0.04541973397136
0.14373880624771
-3.35476970672607
0.34034082293510
-0.00575005076826
-1.43271672725677
-1.36707282066345
-1.89856922626495
-1.22467553615570
-0.41909807920456
0.24246355891228
-0.78771746158600
0.42442366480827
0.02573874406517
-1.34252679347992
0.44014582037926
-1.43705904483795
-0.17711655795574
1.00321066379547
0.25304231047630
-1.03084063529968
-0.10561375319958
-0.26059326529503
0.11584719270468
-1.57535481452942
-1.79261982440948
-0.38756179809570
1.66600322723389
0.38953483104706
-0.67823755741119
0.27729701995850
-0.43503969907761
0.02100738137960
-0.09827359020710
-0.64942306280136
0.57360088825226
-1.57978427410126
-1.01643383502960
0.15000760555267
0.78554248809814
-0.21851187944412
0.41219052672386
-0.59585422277451
-1.33234858512878
0.13573056459427
-0.14814633131027
-2.56546950340271
0.17571507394314
-0.28100931644440
-0.32605472207069
0.25685930252075
-0.69809627532959
0.44383713603020
-0.84842854738235
-1.22350573539734
0.36142760515213
-0.19367013871670
0.24031800031662
-0.54932767152786
-1.82823193073273
0.38666725158691
0.03900949656963
-0.49942633509636
0.92373168468475
-1.50287365913391
-0.25747025012970
-2.55630540847778
-0.16820405423641
0.77917748689651
-0.64453959465027
-0.36200425028801
-2.90165972709656
-0.41993752121925
-0.37399235367775
-0.48208656907082
-2.10353779792786
0.45871132612228
-1.07625412940979
-0.27663850784302
-0.00434818491340
0.10514286905527
0.34131929278374
-1.10054337978363
0.47219079732895
0.41768449544907
0.13813471794128
0.89664983749390
-0.40585255622864
-0.38358265161514
-1.04208827018738
0.73559147119522
-1.83995115756989
0.05922196805477
-0.60740733146667
0.58203989267349
0.33625772595406
0.73487174510956
-0.07344394177198
0.50244557857513
0.13206338882446
-0.55390924215317
0.79627650976181
-2.22530770301819
0.17912968993187
-0.07487177848816
0.24712492525578
0.37641713023186
-1.11678814888000
-0.21967974305153
0.34659683704376
1.03012752532959
-1.12401401996613
0.67804139852524
0.06789587438107
0.52624535560608
-2.24343872070312
0.35220363736153
0.20989322662354
0.99442589282990
-0.33123365044594
0.33818390965462
0.21009118855000
0.09479508548975
0.01412822306156
-0.65173000097275
0.26551964879036
1.40476179122925
-1.33822751045227
-0.06462053954601
0.16725400090218
-0.11369132995605
0.08939094841480
-0.79758638143539
-0.39862212538719
-1.00793695449829
0.27372813224792
-0.53431296348572
-0.64877051115036
0.31357777118683
-0.10054225474596
-0.16389814019203
-0.18051883578300
-0.51782649755478
-0.48232734203339
0.05131556838751
0.87431621551514
-0.30158019065857
-3.50213360786438
-0.67499512434006
0.49048647284508
-4.57468175888062
0.19814020395279
-2.04349303245544
-0.59387326240540
-0.44498285651207
0.20805013179779
-0.24204711616039
-0.75724130868912
-0.28456863760948
-0.18181720376015
-0.29078054428101
0.01127085369080
0.20839662849903
-0.29182580113411
-0.88999664783478
-0.13797508180141
-0.00531511241570
0.47106882929802
-1.18091583251953
-1.47914004325867
-1.11101341247559
0.16974134743214
0.31136620044708
1.19790565967560
0.22397729754448
0.14397047460079
0.34101170301437
0.24733288586140
0.47505742311478
0.54996949434280
-0.28980988264084
0.03394935652614
-0.30659902095795
1.38399803638458
-0.77425867319107
-0.11924221366644
-1.71776771545410
0.98067349195480
0.37918129563332
0.01711149141192
0.61810553073883
-0.82310658693314
0.61926478147507
-1.03177213668823
-0.20147685706615
-0.88962650299072
-0.99597340822220
0.89388895034790
0.47746911644936
0.11468654125929
-0.60818850994110
-0.64137768745422
-1.65561211109161
-0.07311812788248
0.13527840375900
0.77737110853195
-0.11793337017298
0.05746637657285
-0.70226168632507
-0.02335481531918
-3.17574858665466
-0.71639627218246
0.80282127857208
0.10463526099920
-0.80178976058960
0.67288577556610
-0.89003437757492
0.06593932211399
-0.19985434412956
-1.19528460502625
0.97173827886581
-1.75464451313019
1.28356194496155
-1.43193960189819
0.30987253785133
-0.17125195264816
0.56812191009521
1.04163169860840
0.14068169891834
-0.10757982730865
0.48783290386200
-0.75018769502640
1.47501361370087
-0.98437058925629
0.66786813735962
-0.14994740486145
0.84151548147202
-0.57732200622559
0.14382390677929
-0.09541910886765
-0.70030701160431
-0.36601024866104
-0.33108758926392
-0.33341342210770
0.40284135937691
-0.75386869907379
0.31576800346375
0.16501866281033
-0.19399809837341
-0.45851603150368
1.24371933937073
-0.48655533790588
-0.80015182495117
-0.37620896100998
0.96376365423203
-0.23478218913078
0.21907804906368
-0.95305776596069
0.10577240586281
0.29380404949188
-0.35610404610634
0.60607624053955
-0.40824627876282
0.16328518092632
0.52098351716995
0.09921050071716
-0.78847503662109
1.18403077125549
0.38066056370735
-0.67337459325790
0.65722322463989
0.01567289046943
0.41975015401840
0.37615588307381
-0.74380511045456
0.52152937650681
-0.10368686914444
0.50972872972488
0.52817928791046
-1.10826158523560
-0.48873364925385
-0.02250118367374
0.94514816999435
-1.23883056640625
-1.25421059131622
-0.41802841424942
1.59656250476837
0.51689690351486
-0.15795969963074
0.42813423275948
0.21091951429844
-0.13171432912350
-0.00328860688023
0.28129315376282
0.37819129228592
-0.46352675557137
-0.00568181974813
0.79971009492874
-1.27891623973846
-0.26134830713272
0.15408883988857
0.80790674686432
-1.00709259510040
-2.07077574729919
0.61635726690292
0.24795129895210
-0.37497681379318
-1.73962223529816
-0.44358181953430
-1.61460709571838
0.86761659383774
0.85310709476471
-1.75117707252502
-0.90018677711487
-0.04898894205689
-0.96741229295731
-1.52661800384521
0.72208547592163
0.58954864740372
-2.40762352943420
-1.41363847255707
-0.12089260667562
-1.07536387443542
-0.26655146479607
-1.10665857791901
0.59275728464127
-0.00586741883308
-0.30532330274582
1.16701245307922
-0.00327074946836
0.46601614356041
0.03303596749902
1.02253603935242
-0.29465544223785
-0.69483226537704
0.19274540245533
-0.38379174470901
-1.18522000312805
0.50206917524338
1.02776002883911
0.11024583876133
0.46906000375748
0.09298179298639
-2.46353435516357
-0.49753054976463
-0.01820898428559
-1.75716865062714
0.68188190460205
0.86097687482834
0.06024758890271
-0.17604801058769
-0.79412692785263
0.04717329889536
0.35969826579094
-0.84724551439285
0.04211587831378
1.01632475852966
0.70849889516830
-0.92402440309525
0.46865093708038
-0.05396692082286
0.17520600557327
-0.09423799067736
0.94926291704178
-0.26875683665276
-1.53798699378967
0.26828432083130
0.55189561843872
-1.27064442634583
-0.65348815917969
-0.60063070058823
0.24904304742813
1.41088986396790
0.46287947893143
0.47183889150620
-0.82532382011414
-2.56882715225220
-0.25980636477470
0.48362493515015
1.05005812644958
-0.47925966978073
-0.69718170166016
-0.57504087686539
-0.68752348423004
0.38113412261009
0.05316518992186
0.59532403945923
-0.59968602657318
-0.16098755598068
-0.86605483293533
-2.30333566665649
0.31168490648270
-0.22697804868221
0.57949930429459
-0.20014522969723
-0.28003299236298
-1.15397191047668
-0.83493864536285
0.54728078842163
0.88654232025146
0.73888182640076
0.49292251467705
0.53716814517975
0.05501551926136
0.33975002169609
-1.29219758510590
-0.43929681181908
0.04841703921556
-0.86600226163864
0.48094856739044
0.75441646575928
-0.41223451495171
0.73850262165070
-2.38009834289551
0.32227495312691
-0.67834663391113
1.45296788215637
-0.29747438430786
0.36254879832268
-0.60287094116211
0.32823520898819
0.35863059759140
0.35617923736572
-0.36788868904114
-1.40187287330627
0.11985389888287
-0.54453706741333
0.10300519317389
0.84854751825333
-0.61498439311981
0.75886887311935
-0.78835225105286
-2.38779759407043
1.67944705486298
-1.75947225093842
0.14109517633915
0.31825768947601
0.58700466156006
0.38559222221375
0.41459009051323
0.38335523009300
-0.71423381567001
-0.85979419946671
0.66271257400513
-0.72835028171539
-0.38625049591064
0.42627659440041
-0.87195223569870
-1.15372133255005
0.85928994417191
-0.08444852381945
0.84539115428925
-1.50735867023468
0.84554922580719
-0.55266654491425
-0.17284557223320
0.58457368612289
-0.81089240312576
0.17662185430527
0.14074227213860
-0.02604480274022
0.04492759704590
0.48291939496994
1.09056997299194
-1.30364716053009
0.26836651563644
0.42898154258728
0.20266482234001
-0.32430005073547
0.44561880826950
-0.23730137944221
-0.58905035257339
0.75415760278702
0.60817217826843
0.96959531307220
0.47813737392426
-0.53292930126190
1.01225757598877
-0.30325299501419
0.43702250719070
-0.26936468482018
-1.12377583980560
0.38348853588104
0.02875571139157
-0.01751851476729
-0.38518017530441
0.25228577852249
0.11923689395189
-0.24809819459915
-0.24463091790676
0.06307917833328
-0.05835488811135
-0.37665548920631
-0.13060694932938
0.14538051187992
-0.22132636606693
-0.54674565792084
-0.18035137653351
0.46498677134514
1.04059195518494
0.28144928812981
-1.14612889289856
0.20401118695736
0.65213567018509
-0.83992099761963
-3.59502840042114
-0.35019671916962
0.45160293579102
-2.99794769287109
0.06120844185352
0.17815183103085
-0.76776802539825
-1.62441408634186
-0.23672139644623
-0.17272210121155
-0.39494192600250
1.02468442916870
-1.68176245689392
0.74542504549026
0.22701708972454
-1.94898402690887
-5.13537502288818
0.10703235119581
-0.20448988676071
-2.94439101219177
-0.22611220180988
0.63351100683212
-2.20201897621155
-1.78819072246552
-0.07421293854713
-0.53491187095642
0.37192291021347
1.66683709621429
0.07495845854282
0.67491918802261
0.83996909856796
-0.09719198942184
-0.51124316453934
-0.58966195583344
0.47424718737602
1.21184289455414
0.11135955154896
-0.37354856729507
-0.33717212080956
0.18675121665001
-0.09889575093985
0.21611489355564
0.66436988115311
1.50278842449188
-0.94319224357605
-2.46882152557373
0.22671183943748
-0.44079244136810
0.60003525018692
-0.39503684639931
-0.18391707539558
-5.66394472122192
0.27119451761246
0.27247619628906
0.62650984525681
-1.01296138763428
0.23067499697208
-0.21028956770897
1.55635297298431
1.24095785617828
-0.85014301538467
-0.33073639869690
0.19764217734337
0.17999665439129
-1.42599010467529
0.70031082630157
0.14981225132942
0.46357047557831
-0.39099514484406
0.33623901009560
-1.01263570785522
0.52411419153214
-0.42423141002655
-3.01410508155823
1.73748970031738
1.16993844509125
-2.07056856155396
0.05550772696733
0.13075827062130
0.07931267470121
1.49074470996857
-0.38295903801918
-0.89086538553238
-0.03818454220891
-0.42496219277382
-0.43367427587509
-0.70868700742722
-0.37572634220123
0.72879630327225
0.18135328590870
1.15931749343872
-0.54356032609940
0.68451845645905
0.61835658550262
-1.18480265140533
0.12027819454670
0.94059014320374
-2.04940986633301
-0.21626748144627
1.29770195484161
1.17099833488464
-0.72321838140488
-0.27800497412682
0.51916682720184
-0.03249628096819
-1.91618406772614
-1.81793975830078
1.37946200370789
0.17138946056366
0.93082201480865
-0.27680292725563
-1.17611360549927
-0.77915924787521
0.07922524958849
-0.71152746677399
-2.74048352241516
0.35318103432655
-3.76821756362915
-0.10598435997963
-0.70269197225571
0.52782666683197
0.62165206670761
1.20243573188782
-1.51632893085480
-0.03399481624365
0.31303614377975
-0.82992380857468
-0.25876116752625
0.83116972446442
-0.88392591476440
0.95131957530975
-1.72474563121796
-1.82377386093140
-1.11215448379517
-1.22589182853699
0.17787626385689
1.05889630317688
-0.04914627596736
0.19747069478035
0.05564676970243
-0.59895563125610
0.63900798559189
-0.37756207585335
0.03658570721745
0.35305252671242
0.68516886234283
0.49555981159210
-1.83929479122162
0.06697590649128
-0.07927939295769
0.28150510787964
-0.40201210975647
0.20478801429272
0.12731872498989
-0.27254974842072
1.25780320167542
0.42389100790024
-1.67239189147949
-0.22474326193333
-0.12291497737169
0.04613115265965
-0.82772320508957
-1.33356726169586
0.92815148830414
0.34018045663834
-0.13444587588310
-0.11345490813255
0.23719456791878
-0.28354156017303
-0.47678551077843
0.63253557682037
0.23506420850754
-0.42807114124298
0.54242789745331
0.42992481589317
-0.09652350842953
-0.40978538990021
0.65714275836945
0.80797421932220
0.84319746494293
0.67949897050858
0.59224975109100
0.18616694211960
-1.11913847923279
0.75111955404282
0.83398342132568
0.42654749751091
0.25892922282219
1.30062341690063
-1.27639651298523
-0.11024317145348
-1.37774956226349
1.59411549568176
0.07437278330326
0.61949819326401
0.43237578868866
0.18909008800983
-0.07764379680157
-1.38537967205048
-1.88219034671783
-2.12074804306030
0.28353247046471
-0.91798400878906
0.67049217224121
-1.24591791629791
0.19810932874680
-0.08583083748817
-0.66519337892532
-6.21732997894287
0.45170220732689
0.43008887767792
-2.93923783302307
-1.56569695472717
-0.20832808315754
-2.17410039901733
-0.46975749731064
-0.27850991487503
0.41993162035942
-5.45535850524902
-0.05322815850377
0.29408082365990
-1.00957226753235
0.36757725477219
-0.21182480454445
-0.65160554647446
0.17665484547615
-1.00415098667145
-0.88773930072784
-0.44049820303917
1.61846387386322
0.38771519064903
0.35973361134529
-0.05385348573327
0.50336664915085
-1.03566133975983
-0.28737813234329
0.04455843940377
0.45465797185898
-0.96386033296585
0.00061939272564
0.88704448938370
0.60539686679840
0.64468199014664
1.39506638050079
-1.54379189014435
0.42459124326706
0.93908941745758
0.40518960356712
-1.09682178497314
0.50419104099274
0.38120916485786
0.18968786299229
0.24433371424675
0.20776802301407
-0.38904508948326
0.07272872328758
-0.36431121826172
0.37569439411163
0.07702831178904
-0.90500628948212
-0.08648211508989
0.13075479865074
0.40482696890831
-0.05518872663379
0.15851166844368
-1.19696712493896
-1.56820094585419
-0.47680959105492
-1.44664335250854
-0.59467327594757
1.08765923976898
-1.16053748130798
1.77837049961090
-1.77282118797302
-0.19631871581078
2.42795276641846
-0.61835694313049
-1.83566820621490
-1.41469120979309
0.27800500392914
-0.92200279235840
-0.15702508389950
-0.44965460896492
0.24012506008148
0.99676531553268
-0.04305297881365
0.01694600842893
0.90461027622223
-1.33751630783081
-1.39957618713379
0.50182020664215
2.26776409149170
-1.90691089630127
-0.00746337557212
0.94341146945953
0.13805481791496
0.33266901969910
-0.16629637777805
-0.09274901449680
1.06264829635620
-0.96880853176117
0.57045531272888
0.13923481106758
-1.16768682003021
-2.41141080856323
-0.55752331018448
-0.85594910383224
-0.91433310508728
1.70192766189575
-0.74016994237900
-0.73782420158386
-1.01496517658234
-0.36646953225136
-0.39412501454353
-2.35927248001099
-1.47800946235657
-2.35603666305542
-2.05741906166077
-1.21493828296661
-2.32692170143127
0.69029390811920
-2.27494478225708
-0.15020127594471
0.21121163666248
0.20148520171642
1.24441182613373
-1.18514025211334
0.55967420339584
