0.16583062708378
-0.61335915327072
-0.19425584375858
-0.08099704980850
-0.15138092637062
0.04039260745049
1.86736738681793
-1.07704186439514
-1.39312350749969
-0.58915132284164
-1.05948925018311
-0.11927358061075
-0.56534224748611
0.92707008123398
-0.86359363794327
0.31388115882874
1.62894976139069
0.80615299940109
0.09073635935783
0.61939913034439
0.13342106342316
-0.23225207626820
-0.19342847168446
-0.82777953147888
-1.34443223476410
-1.35430800914764
-0.79756510257721
-0.25885808467865
-0.44941145181656
-1.25327718257904
-1.09528398513794
-0.95313340425491
-0.54830658435822
-0.04166999831796
-0.63761448860168
-0.54074770212173
-0.60203832387924
0.17935851216316
1.42877197265625
0.26976910233498
-1.20775258541107
0.32822391390800
0.75945705175400
0.34901431202888
0.51530003547668
-0.80916321277618
-0.75585615634918
-0.21079283952713
-0.45333009958267
0.16539749503136
0.68868899345398
-0.23275080323219
-0.77492958307266
-0.90424233675003
0.69946300983429
-0.94831454753876
-0.98711371421814
-1.41120767593384
-0.54859018325806
-0.20064887404442
0.09306691586971
-0.06563705950975
1.25111484527588
0.61641573905945
1.11365759372711
1.31065499782562
0.05939805135131
-0.43761530518532
-1.11005342006683
-2.57602214813232
1.70443975925446
-0.10012691468000
-0.43572825193405
-0.14787030220032
0.49727377295494
0.04165567830205
0.05191111564636
-0.20208190381527
0.61606800556183
-2.03803992271423
-0.55764329433441
0.77295351028442
-0.65613144636154
0.37937000393867
0.20206254720688
0.68759721517563
0.11889953911304
-0.77724951505661
-1.58613371849060
-0.75524789094925
-0.66620713472366
0.10695707052946
-0.01152069400996
0.92459410429001
1.15716195106506
-1.52248775959015
-1.54440832138062
-1.48252224922180
0.54444384574890
0.23249199986458
0.23881261050701
0.60173034667969
-0.61430108547211
-0.70025044679642
-0.48741853237152
1.43462693691254
-0.39305227994919
-1.13748896121979
-0.32196587324142
0.43964856863022
0.26611050963402
-0.70525449514389
0.39007073640823
0.74066805839539
0.09363082796335
-0.50990474224091
-0.69082623720169
0.12381081283092
-0.27649560570717
0.49069780111313
0.95735979080200
0.83288162946701
0.09325454384089
0.08979935944080
-0.41291770339012
-0.22815187275410
0.79333704710007
1.58363437652588
1.42833173274994
-4.78307580947876
-0.19251146912575
-0.55141222476959
-0.21414192020893
-0.29843208193779
-0.29814139008522
-0.99679851531982
1.15866351127625
1.21711325645447
-0.01300526224077
0.20973728597164
0.53408980369568
-1.13160169124603
-0.53881269693375
-1.43014752864838
-1.49679172039032
1.23027312755585
-0.07963511347771
-0.33382385969162
-0.02104850672185
0.03932997211814
-0.87949311733246
-0.78366553783417
1.48699975013733
0.05014124512672
0.21167406439781
-0.03833489120007
0.21327848732471
-2.29772615432739
-1.41791236400604
-1.31695044040680
0.07605791836977
-0.67017096281052
-0.34594058990479
-0.51191461086273
0.01879408769310
-0.42983955144882
0.86318826675415
1.42126524448395
0.55450350046158
0.25177457928658
0.95868670940399
-0.57853955030441
-0.65256577730179
0.95816844701767
-1.33844995498657
0.17717519402504
-0.66496974229813
0.76338976621628
-0.62912946939468
-2.30631542205811
0.33801117539406
-0.52472370862961
-0.86196452379227
0.80740290880203
-0.97468042373657
0.57478195428848
-1.34118330478668
-0.01519201416522
-0.24430829286575
1.06100451946259
0.45746281743050
0.18318583071232
-0.61231839656830
-1.31953454017639
-0.37804093956947
-0.45216956734657
-0.99857908487320
-1.75756788253784
0.85933262109756
2.60109519958496
-0.01240390073508
0.35200738906860
-0.55280667543411
-0.09709756821394
0.29806873202324
0.89433240890503
0.12276034802198
0.44606557488441
0.20175918936729
0.62163126468658
-0.58330094814301
-0.22300763428211
0.09285600483418
-0.14897987246513
-0.08131469041109
-2.55353188514709
1.52049374580383
0.28548237681389
-2.11606454849243
0.39222630858421
0.14983797073364
0.31946313381195
1.06815028190613
-0.49505010247231
0.49582388997078
0.27906900644302
0.61906164884567
-0.18349413573742
0.37414568662643
0.91399705410004
0.58656799793243
0.01889578811824
0.32764348387718
0.38251104950905
0.48351463675499
-0.16690827906132
-0.67638272047043
0.29423621296883
-0.39202445745468
-0.47381460666656
-0.28734028339386
-0.19004668295383
0.58169567584991
0.23950451612473
-0.29580304026604
-2.44243907928467
-2.23324084281921
0.94679540395737
-0.09519904106855
0.37825223803520
-0.00039641192416
-0.36028984189034
0.50862014293671
0.31793895363808
-2.98774790763855
1.27134799957275
-0.25230678915977
0.03046756982803
-0.22382713854313
-0.36982309818268
-0.37840637564659
-0.01884580589831
-0.16276283562183
-0.41564255952835
-0.25000119209290
-0.26037275791168
-0.49027246236801
-0.16803398728371
-0.29976353049278
-0.09943868219852
-0.25749272108078
-0.01185535080731
1.07903647422791
-1.00721168518066
-0.64622056484222
-0.46483600139618
0.96044021844864
0.40439218282700
-1.00736141204834
0.35540863871574
-1.75098466873169
2.01873970031738
0.26110428571701
0.43315368890762
0.66030609607697
-2.08572077751160
-0.48414230346680
-1.93776881694794
-1.19274067878723
-0.12127841264009
0.70103645324707
-1.17914223670959
0.40731021761894
0.39678496122360
0.07858875393867
-0.52756905555725
0.00595705257729
1.59463870525360
-0.37180453538895
0.04472747445107
0.49348473548889
0.78167068958282
-1.16352379322052
-1.65760004520416
-2.12641930580139
-0.23813267052174
0.66009479761124
0.65456807613373
-1.16942667961121
-1.82023501396179
-1.53606057167053
-0.27168583869934
0.50936758518219
1.50433588027954
0.29906877875328
0.39889648556709
-0.19294607639313
0.80646657943726
-1.26312482357025
0.15615363419056
1.04588699340820
-0.09622376412153
0.63871967792511
0.25091674923897
0.14185342192650
-1.04958581924438
0.13040491938591
0.18604716658592
0.48498827219009
-0.72017365694046
-2.25181102752686
-0.66448909044266
0.13215802609921
-1.34411549568176
-1.71889066696167
-0.22208070755005
0.98944264650345
-0.72418075799942
0.63755178451538
-1.39381814002991
-1.38941776752472
-0.69518965482712
0.13900344073772
-1.93048286437988
0.44742766022682
2.76638698577881
-1.09564614295959
-0.64407253265381
-1.36045527458191
0.65160369873047
-0.05155909061432
-0.96883296966553
-0.65305221080780
0.49370911717415
-0.64485841989517
-1.10037839412689
1.16334617137909
-2.14907860755920
0.61184525489807
-0.32939276099205
-0.84845155477524
-0.80536055564880
0.18926709890366
1.03102231025696
-0.06780263781548
-2.89043283462524
-0.34910857677460
0.37415993213654
0.08956114202738
0.70685297250748
-0.80907285213470
-0.00679796561599
0.33256158232689
-0.00113996246364
-0.20314709842205
0.39289739727974
1.39642250537872
-0.44272646307945
-0.96415233612061
0.98199045658112
-1.04620838165283
-0.94199138879776
-0.47202339768410
0.44648516178131
-0.05256413668394
-0.09997103363276
0.17791825532913
-2.18989968299866
-0.90123629570007
-0.97237449884415
0.18002459406853
0.40722975134850
-1.03813159465790
0.14751888811588
0.60731500387192
-0.09186797589064
-3.17453169822693
-0.09717150032520
-0.11481609195471
0.23859705030918
-0.62983316183090
0.10017821937799
-0.44556626677513
-0.98747700452805
-0.94546270370483
-0.41303429007530
0.21497747302055
0.19856470823288
-0.30346900224686
0.63130795955658
0.25326046347618
-0.56594985723495
-0.49727326631546
-0.03205248713493
-0.21794374287128
0.51355302333832
-0.30129101872444
-0.49517887830734
0.15763145685196
-0.69958961009979
-1.18365120887756
-0.87613707780838
-0.95217943191528
-0.45274451375008
0.30417707562447
-0.44549217820168
-1.42976391315460
-1.98443949222565
-0.83140099048615
-2.61165761947632
0.27198296785355
-0.80613785982132
-1.31394159793854
-0.03774166479707
0.53002738952637
0.74420654773712
-2.06142807006836
-1.09247136116028
0.17754365503788
0.30086719989777
-0.46479284763336
0.88850033283234
0.40024051070213
-0.55989950895309
-2.09039831161499
-0.12153302133083
-0.50805783271790
0.43200668692589
0.57287496328354
0.81033092737198
-0.22798506915569
-0.83803933858871
-0.23125264048576
-0.63122719526291
0.49101763963699
0.52606344223022
-1.33022987842560
0.49225834012032
0.84545624256134
-0.14240671694279
-0.94421768188477
0.24343833327293
-0.65573143959045
-0.50231033563614
-0.12522262334824
-0.04156815260649
-0.55943083763123
0.02493108250201
0.91920691728592
-0.52329421043396
0.71551966667175
-0.11190736293793
0.81080538034439
-1.19688975811005
-1.09904551506042
-1.49576461315155
0.17735613882542
-0.67509800195694
-2.03960609436035
-0.01005396153778
-0.49406090378761
0.34952843189240
-0.90900254249573
-0.38276568055153
-0.52648651599884
0.30867436528206
-0.54483932256699
-1.95490515232086
-0.99293327331543
-0.88884168863297
0.84276807308197
0.51204466819763
0.84622752666473
0.72864490747452
0.26454722881317
0.02639214135706
0.83620947599411
0.29290476441383
-0.51651668548584
0.20782138407230
0.72090047597885
-0.07175786048174
-0.44943293929100
0.50725847482681
-2.57167315483093
-1.62334144115448
-0.95305585861206
-0.39416906237602
-0.66073518991470
0.15105545520782
0.46137705445290
0.30344489216805
0.60817217826843
0.04903088510036
-1.59693264961243
-0.91244202852249
-1.18937039375305
-0.37757250666618
-0.10490768402815
0.44375535845757
-0.57806313037872
-1.77464210987091
0.49810650944710
0.89349836111069
-2.11921954154968
0.26422172784805
0.32187396287918
-0.17074933648109
-0.16015475988388
-0.75743448734283
-0.18960694968700
0.02462160401046
-0.19263850152493
-0.03654035925865
0.09481403231621
-0.41296559572220
-0.80405426025391
0.63646173477173
-0.56514960527420
-1.08533000946045
0.18671661615372
-0.14315521717072
-0.60428452491760
-0.42076906561852
-0.30338737368584
0.42258077859879
-0.13532315194607
0.11680387705564
-0.23895560204983
0.20784322917461
0.12137097865343
0.07207451760769
0.33525678515434
-0.23502063751221
0.14232629537582
-0.30655434727669
0.12265110760927
0.16026620566845
0.16184565424919
0.10373108834028
0.22901064157486
0.09103460609913
-0.67527025938034
-0.81072300672531
0.15482027828693
0.36257100105286
0.28762397170067
-0.33469709753990
-0.61817550659180
1.48975217342377
-0.54318940639496
-0.60736382007599
-0.22407953441143
0.74146497249603
-1.28568255901337
0.21389618515968
0.75971007347107
0.84706771373749
-0.66228765249252
0.05514296516776
-0.89898395538330
-0.12612816691399
-1.19139766693115
-0.18148568272591
0.72259783744812
0.78085207939148
-0.16355611383915
-1.57865643501282
-1.21670901775360
-0.39195638895035
-0.38748997449875
-0.81476736068726
0.11129197478294
0.79414510726929
0.79376852512360
-0.93052238225937
-0.29132604598999
-1.53028666973114
-0.41936209797859
0.35918906331062
0.44356980919838
0.83536231517792
0.50201135873795
-1.26985371112823
0.46735194325447
-0.02555633522570
-0.32972481846809
0.00023195923131
0.48804971575737
-1.38516139984131
0.44107216596603
-0.61439239978790
-0.01987122558057
0.74142491817474
-0.29656076431274
-1.59465479850769
-2.03902435302734
0.38499301671982
-1.28950798511505
0.89305263757706
0.23877142369747
-0.31533679366112
0.22936867177486
0.99304693937302
-1.92647731304169
-0.76286649703979
-0.87320816516876
-0.70764046907425
0.66763126850128
0.91820037364960
0.05836554989219
-0.06266915053129
0.30593758821487
0.77414894104004
0.45798075199127
-0.20277179777622
-1.08989202976227
1.02556347846985
-1.10523915290833
0.29176303744316
0.38188803195953
-0.53469681739807
0.34775787591934
-0.74789726734161
0.28953617811203
0.65520274639130
-1.72792577743530
-0.18274451792240
0.25071275234222
0.16498701274395
0.71184319257736
-1.52545058727264
0.12572559714317
0.09913082420826
-1.45034360885620
0.24816940724850
0.51948040723801
0.49680235981941
0.29075181484222
-1.41065061092377
-1.25470709800720
-2.72017168998718
0.70162338018417
-0.61792039871216
0.29030913114548
0.64114034175873
0.76633965969086
0.75946605205536
-0.98291528224945
-0.14098265767097
-1.01301336288452
0.12268474698067
-0.29107794165611
-0.18991211056709
0.36856254935265
0.00199698796496
-0.48221826553345
-1.41090333461761
0.62408262491226
1.50611460208893
1.32229244709015
1.12430930137634
0.65248787403107
0.45665392279625
-0.03886964172125
0.21282954514027
-0.06498349457979
0.68096846342087
0.04412611573935
0.67665475606918
0.68631994724274
1.19444131851196
-0.70976293087006
-0.33150944113731
-0.25103032588959
-0.61430788040161
0.08810742199421
-0.99416846036911
-0.68140089511871
-0.40495479106903
-1.48999607563019
0.22406516969204
-0.21224713325500
-0.55187314748764
0.09826350957155
1.17191696166992
-0.62819862365723
-1.03020858764648
-0.01938908733428
0.07227327674627
1.36010587215424
0.42762857675552
-0.69721978902817
-0.37301176786423
0.83236432075500
1.06399536132812
-0.12598606944084
0.62039697170258
-0.57900065183640
0.16197456419468
-1.07260572910309
-1.30598342418671
1.85900866985321
-1.79171395301819
0.07766287028790
0.42624348402023
-0.84510034322739
-0.24897524714470
0.67628717422485
-0.13074032962322
-1.68641257286072
0.41266360878944
-0.31104135513306
-0.23519128561020
0.39042937755585
-0.19163015484810
-0.32229718565941
-1.52365708351135
1.85416042804718
-0.25106570124626
0.40652322769165
0.37959873676300
-0.93035429716110
-0.26070246100426
-0.34075185656548
-0.50401407480240
-0.65735304355621
1.15192794799805
1.26714384555817
0.14805640280247
-1.04040062427521
0.01077759452164
0.42177319526672
0.64491319656372
-0.60468846559525
-0.42841321229935
-0.11828577518463
0.81719416379929
1.09502196311951
1.16794371604919
-0.08156167715788
-2.82905316352844
-0.92640817165375
0.43122681975365
0.46719643473625
1.16341137886047
0.32541039586067
-0.04285608232021
-1.20595955848694
-2.89948201179504
-1.69026064872742
-2.10805273056030
-0.43068212270737
1.11256587505341
-0.42039299011230
0.22751425206661
-1.01882898807526
-2.77677178382874
0.29034423828125
0.84412664175034
-1.58200073242188
-0.03401910141110
0.24426068365574
0.03094139322639
-1.78096723556519
-0.13647262752056
-0.06319964677095
-0.03898727893829
0.06880809366703
-0.11567828804255
0.24452778697014
0.09240220487118
0.11072428524494
-0.09893883764744
0.28095242381096
0.03121187351644
-0.14589996635914
-0.05218811333179
-0.11835242807865
-0.20299048721790
-0.13711878657341
0.43145051598549
-0.40959343314171
0.09904944151640
-1.11486136913300
-1.16343092918396
-0.64642727375031
0.61595875024796
1.43248546123505
-2.59123563766479
-0.84899008274078
0.32078731060028
0.25374370813370
-2.09895515441895
-0.13578221201897
1.04735887050629
0.47539526224136
0.67840266227722
1.12557852268219
-1.54028809070587
0.39554899930954
0.11836516857147
0.51750844717026
0.27674460411072
-0.52003782987595
-0.44599393010139
-1.11664640903473
0.03060294687748
-0.07975962758064
-1.64696562290192
-0.64831095933914
0.58165794610977
0.58070021867752
0.12590231001377
1.43878126144409
-1.01509892940521
-1.71834492683411
0.44921189546585
-0.43393033742905
0.22936835885048
0.02464700117707
-2.59490203857422
0.34913468360901
-0.10037785023451
-0.07410505414009
1.50849342346191
-0.05547102168202
0.57622647285461
-1.09562432765961
-0.27275550365448
-0.20407466590405
0.20067285001278
0.78064858913422
-0.05621593445539
-1.16207134723663
-0.37755024433136
-0.73767942190170
0.05088444799185
-0.49223366379738
-0.11489260196686
-0.31949943304062
1.10759615898132
0.19832879304886
-0.31171846389771
-1.04599249362946
-1.31469798088074
-2.85157752037048
0.08938776701689
-1.97600233554840
-1.15631759166718
0.10129872709513
-1.02571737766266
1.24556243419647
-0.85893738269806
0.08375306427479
0.03297894820571
-0.08285109698772
2.73190712928772
0.84115320444107
-2.00725126266479
-0.69154357910156
-0.05717594549060
-0.46681365370750
-0.78243792057037
0.90700179338455
0.02066227421165
-2.05174612998962
0.27358156442642
-0.86639624834061
-0.03442269191146
-0.37558004260063
-1.74988782405853
-0.15579882264137
1.52910017967224
-0.47068047523499
0.34580850601196
1.20524716377258
0.30817994475365
0.72819292545319
0.73089617490768
-0.18745931982994
-0.97052830457687
0.23579466342926
-1.67187607288361
-0.23642066121101
-0.99901807308197
0.02753716148436
0.45509463548660
0.81824725866318
-0.29252651333809
-0.54174774885178
2.64829659461975
-2.55699586868286
-0.79791736602783
-2.14227724075317
0.89200115203857
-0.50473254919052
0.32992136478424
-2.22446870803833
-0.70427215099335
-0.66733628511429
0.11323061585426
0.14058786630630
-0.80747783184052
0.24788402020931
-0.72188609838486
0.35710057616234
1.66016161441803
1.32800531387329
-0.97503000497818
1.09966635704041
-0.94285410642624
-1.13779270648956
-1.48290777206421
0.13752120733261
-0.58783811330795
0.63417953252792
-0.50319987535477
0.63955515623093
-1.25779545307159
-0.07801574468613
1.48884201049805
-0.94379818439484
3.20783114433289
0.38709715008736
0.16887071728706
-0.63948285579681
0.44613653421402
0.33273586630821
-0.13006915152073
0.29744738340378
0.37118050456047
0.97699052095413
-0.45758026838303
-0.03518574312329
-0.82275611162186
0.66655343770981
-0.11622212827206
-1.69969868659973
-1.00718736648560
-1.20055961608887
-0.34351238608360
0.15602600574493
1.06057107448578
-0.62026548385620
-1.04256510734558
-1.45553421974182
0.27306202054024
0.93945354223251
-0.16803696751595
-0.49930188059807
0.43354898691177
-1.55890500545502
-0.25218072533607
0.55867999792099
1.78247916698456
0.74552649259567
-1.54557204246521
0.17518478631973
0.54995000362396
-0.37124776840210
-0.74707609415054
-0.78744572401047
0.55392098426819
1.53935980796814
-0.53288054466248
-0.00905338674784
-1.35060667991638
0.65254235267639
-0.43066105246544
-0.39164432883263
-0.51945233345032
0.44985240697861
0.79541796445847
0.05480555444956
-0.26417613029480
0.54276865720749
0.14738206565380
-0.74931949377060
0.25551655888557
1.00707006454468
-0.28808861970901
-0.98594868183136
-3.30631899833679
-1.81114137172699
-2.69051289558411
0.54211503267288
-1.28085410594940
-1.16997170448303
-0.82715606689453
0.22283725440502
-2.13275551795959
-0.87283492088318
0.59550738334656
0.01172715425491
-0.78818362951279
0.58868354558945
0.54259216785431
-0.82251787185669
-0.14140726625919
-0.45628252625465
0.50898414850235
-0.59502142667770
-0.04192376136780
-1.06309437751770
0.50945734977722
0.56407755613327
-0.67748177051544
-0.47248885035515
0.98049062490463
0.04336339607835
-1.37066018581390
1.00054824352264
-0.54538649320602
-1.21084690093994
-0.29137980937958
0.15129607915878
0.97107410430908
0.52327144145966
-1.87585413455963
-0.25678041577339
-1.53915917873383
-1.08055520057678
-1.48364555835724
-0.75002604722977
-1.39763891696930
0.36496144533157
0.02828516252339
1.29550302028656
-0.73239403963089
0.09849566221237
0.19648270308971
-1.87644326686859
0.99374431371689
0.59584051370621
-1.06254673004150
-0.80913007259369
-0.33450856804848
-0.57094299793243
-0.81882715225220
-0.49736100435257
0.14503769576550
-0.47979879379272
-0.49813142418861
-1.12329995632172
-0.78676670789719
0.41436380147934
-0.82476550340652
0.45432233810425
-0.20418705046177
-0.23770481348038
-0.83348125219345
0.25464668869972
0.26627066731453
-0.18939480185509
0.10285543650389
-0.15447974205017
-2.66333651542664
-0.29936730861664
-1.61936736106873
-0.41444948315620
-1.50789451599121
0.16846051812172
-0.28015613555908
0.25504022836685
0.22650295495987
0.19935645163059
0.09203583002090
-0.60625344514847
-0.04149293527007
0.81826061010361
0.12795457243919
0.10571051388979
-0.43789750337601
0.20546554028988
-0.72643882036209
0.51746767759323
-0.06712707877159
-1.36480045318604
0.68174952268600
0.89297086000443
-0.10666020959616
1.96334588527679
-0.94573497772217
-0.05101533606648
-0.64321190118790
-0.27238553762436
-1.72098469734192
1.46664381027222
0.17010588943958
-1.15023863315582
-0.72328168153763
-0.09859629720449
-1.33752560615540
-0.57556217908859
0.55359202623367
-0.50613123178482
0.49435567855835
-1.98931074142456
-0.55810838937759
0.82738369703293
0.06479558348656
-0.23714916408062
-0.01657062023878
0.27157855033875
1.83626353740692
-0.02907571010292
-1.27671587467194
0.50904202461243
0.32338711619377
-0.06580839306116
-0.07577334344387
1.14844167232513
-2.24400019645691
-0.70424991846085
-0.62089794874191
-1.52426242828369
1.42878317832947
-0.46096011996269
0.92613565921783
-1.11142015457153
0.53212189674377
1.11512041091919
-2.05539846420288
0.31380629539490
-0.25433865189552
-0.53396451473236
-0.43698939681053
0.33658650517464
0.53893339633942
-0.66419732570648
0.91106098890305
1.12265288829803
-0.86928385496140
0.37712788581848
0.48222225904465
-2.20420837402344
-0.31725141406059
0.56227850914001
-0.31373792886734
-0.77323132753372
0.45456424355507
-0.05586892738938
1.61640775203705
-1.19848346710205
-0.29122591018677
0.65662145614624
-1.29768562316895
-0.38231283426285
1.16196858882904
-1.53897297382355
-0.76828205585480
-1.63238298892975
-1.77616095542908
0.38713052868843
0.57576793432236
0.02707985788584
0.14970986545086
-0.29592865705490
-0.32744622230530
-1.94552874565125
-1.82987141609192
0.65496045351028
-0.52622401714325
0.22153340280056
0.43261495232582
-0.54782521724701
0.19316007196903
0.35243925452232
0.19529888033867
-0.16933359205723
-1.33679091930389
1.04066061973572
0.09139851480722
1.14290106296539
0.95081722736359
0.11708100140095
-0.87933057546616
0.81382161378860
-1.45807898044586
0.11259932070971
-0.73984885215759
0.13899157941341
0.60388910770416
-2.34319448471069
0.98539632558823
-0.23032943904400
0.15688952803612
0.60484850406647
0.27803677320480
0.59643369913101
1.16280651092529
1.05642378330231
-1.50969851016998
-0.90716522932053
-0.67684119939804
-0.08527886122465
-0.03166005015373
-0.59529095888138
-0.81450039148331
-0.19572006165981
-0.53451472520828
0.22348752617836
0.13074347376823
-0.14810056984425
-0.33536332845688
0.16838957369328
-1.59001898765564
-0.93732434511185
-1.40991318225861
-0.20968401432037
0.48566702008247
0.51038330793381
1.43648791313171
-0.56096541881561
-0.17199724912643
0.94746357202530
-0.52059090137482
0.51725685596466
-0.27873945236206
0.79583477973938
0.04420408606529
0.58557569980621
-0.19484978914261
-1.32859909534454
-1.77932083606720
-0.72026175260544
1.09290575981140
0.24916495382786
0.44029042124748
0.68406641483307
0.75974518060684
-1.74169158935547
-0.51833057403564
-0.01197600457817
-0.11835575848818
0.82447206974030
0.04026488959789
0.26793774962425
-2.83903646469116
0.08510673046112
-0.34372231364250
1.03875792026520
-0.67174845933914
0.61511552333832
-1.32729852199554
-3.00541615486145
0.29129412770271
0.32775986194611
1.00210785865784
1.06598114967346
-1.48816061019897
-0.47461605072021
0.46945211291313
1.04530274868011
0.07664443552494
-2.62781739234924
0.89917755126953
-0.82649916410446
0.02094419300556
0.78002631664276
0.20359377563000
-0.12109240144491
-0.18140053749084
0.17090837657452
0.05477912351489
-0.19030748307705
-0.18053789436817
-0.01791054755449
-0.24872283637524
0.05897213146091
-0.44816395640373
-0.45377334952354
-0.15084455907345
-0.41630235314369
0.04814543575048
-0.02365445718169
-0.10635150223970
-0.16844236850739
-1.43015122413635
-0.60377883911133
0.69245427846909
-0.03543052449822
-0.47232115268707
-0.51396149396896
0.05635176599026
-0.25844612717628
0.18651610612869
-0.71344846487045
-0.55303931236267
-1.07383310794830
-0.32287076115608
0.48916909098625
-0.32983398437500
0.02537760138512
1.40904951095581
0.44837385416031
0.54997277259827
-0.89407676458359
-0.18253457546234
-2.04669213294983
-0.40936359763145
-1.35074388980865
-0.40588054060936
1.01062273979187
-0.20852038264275
0.77303051948547
-0.24109110236168
0.08157421648502
0.01220626570284
-2.14722657203674
-2.99615025520325
-0.92672282457352
-2.30865120887756
0.49820247292519
0.60537368059158
0.61512035131454
0.78156125545502
0.11004606634378
-0.06784674525261
1.15461361408234
-2.87815189361572
0.72196441888809
-0.49068075418472
-1.57930517196655
-0.62493121623993
0.50363957881927
1.03808593750000
-2.34746456146240
0.00050207594177
-2.66581439971924
-0.19525149464607
1.29615855216980
0.90460342168808
0.05947653576732
-0.32767117023468
-2.37181091308594
0.90789180994034
0.56077623367310
0.43050211668015
0.55264931917191
-0.20658256113529
-1.06745684146881
-1.92753660678864
-0.16074219346046
-0.70858949422836
0.56325882673264
-1.47635555267334
3.00948071479797
0.50644218921661
0.57889735698700
0.20761969685555
-3.93002414703369
-0.18826867640018
-0.70398503541946
-0.60002738237381
-2.07392334938049
-0.16204303503036
0.42368626594543
-0.18338328599930
0.82878744602203
0.34443446993828
0.01825900189579
0.51145434379578
-1.58212840557098
0.50771433115005
0.94147491455078
-1.22337317466736
0.38728117942810
0.18053494393826
0.92028826475143
0.58268392086029
0.63655012845993
-1.15864753723145
0.84306168556213
1.02381050586700
-0.07577857375145
0.73706692457199
-0.16437409818172
-2.60824394226074
-0.44096156954765
-1.89674544334412
-0.96169191598892
0.24235461652279
1.75415480136871
0.29045128822327
0.35263592004776
-1.29402494430542
0.84327459335327
1.06171119213104
-0.35897552967072
0.45047914981842
-0.02572845667601
0.31685626506805
0.06756689399481
-3.79897761344910
1.15697205066681
-1.85758018493652
-0.23615771532059
0.59060847759247
2.87041020393372
-0.11136203259230
-1.43773651123047
-1.40943562984467
-3.98031544685364
0.65211623907089
-0.48907983303070
0.52220433950424
0.78956538438797
0.83598321676254
-1.70147180557251
0.15029151737690
-0.82315677404404
0.20630474388599
-0.99555742740631
0.43837749958038
1.00065541267395
0.68012982606888
0.29987236857414
-0.52317667007446
1.25209498405457
1.07919180393219
-0.00951544661075
-1.50731468200684
-1.48853909969330
-1.17093980312347
-0.02123451605439
0.13955214619637
0.00361001095735
-0.79476857185364
0.62884509563446
-1.09312736988068
-0.40627256035805
-0.82069736719131
0.33345490694046
0.17215000092983
-0.91508179903030
-1.47080075740814
0.20794962346554
1.21829831600189
0.20867511630058
1.31329464912415
-0.70273029804230
-0.14950905740261
-3.91411304473877
-0.75825941562653
-1.08571159839630
0.05990878492594
0.55107474327087
-0.04666446521878
0.71526849269867
-0.70459973812103
0.69019716978073
1.18589317798615
-0.25177866220474
0.62066715955734
0.52000522613525
0.74670851230621
-0.28246447443962
0.85174632072449
-0.41409131884575
0.27549594640732
-0.34296914935112
-2.56793975830078
0.16938222944736
0.87578064203262
0.49769741296768
0.69070875644684
0.06467429548502
-0.88938379287720
0.33409771323204
-0.28227981925011
-0.56125897169113
0.34502202272415
-0.14474500715733
-0.01758661866188
-0.28090435266495
0.40287357568741
0.25121089816093
-0.30971145629883
-1.02637255191803
-0.41645932197571
0.20204748213291
-0.11811307072639
0.68746954202652
-0.03107756935060
-1.92480099201202
-2.71881389617920
-0.35818228125572
1.19298446178436
-0.02423047274351
-0.13449694216251
1.03263032436371
0.65669065713882
-0.36717543005943
-3.53798198699951
1.13053214550018
-2.59844636917114
-0.39019316434860
-0.46540647745132
0.88914436101913
0.22339884936810
-1.59273052215576
1.01004791259766
-0.46650788187981
-1.23025190830231
0.71058249473572
0.47884657979012
0.26618561148643
-1.30617165565491
0.07833696156740
0.75111907720566
-1.20747244358063
0.75290232896805
-1.35964357852936
-0.81865286827087
-0.18028143048286
-0.19119699299335
0.13782061636448
1.93021011352539
-4.09290504455566
-0.70157533884048
-2.96027064323425
-0.51286733150482
0.92110991477966
-0.46685260534286
-0.04725394397974
-0.21403662860394
-3.89796376228333
0.59867781400681
-0.03861445188522
0.30606567859650
1.12123131752014
0.22318179905415
-0.86454021930695
-0.19998325407505
-0.27548363804817
-1.12687385082245
0.44432920217514
0.75878751277924
0.21273013949394
0.01550934370607
-0.15600062906742
0.34120145440102
-0.28668868541718
0.53206789493561
-0.81110870838165
-0.13762393593788
-0.47014793753624
-0.33096820116043
0.65609759092331
-0.42868477106094
1.80877184867859
0.76352262496948
-1.15227997303009
-0.93620896339417
-0.87273120880127
-1.15722107887268
-0.64401316642761
-0.40746006369591
-0.67676657438278
-0.69817161560059
0.25214692950249
0.41601750254631
0.86287677288055
1.65566194057465
-1.12416374683380
1.46889269351959
-0.92284977436066
1.13427984714508
-0.09413900226355
-1.12819325923920
-0.68815952539444
-1.42047762870789
-0.14128816127777
1.09484934806824
-1.60919451713562
0.08620434999466
0.03766425326467
-1.61403548717499
1.11997914314270
0.37457424402237
-0.42793476581573
0.42135745286942
-0.23598246276379
-0.25134378671646
-0.11525893956423
-0.04851933196187
-0.24174681305885
0.69688498973846
0.01031134650111
-1.74233961105347
0.67349374294281
-1.33648228645325
-0.92728251218796
0.58086496591568
0.37274527549744
1.55921602249146
-0.62948292493820
-3.31602287292480
-0.05798141658306
-1.99233675003052
0.03092985786498
1.37127351760864
-0.36852571368217
-0.64550423622131
0.00627451715991
0.51739835739136
0.19422170519829
0.49314075708389
-0.68357133865356
-0.40118402242661
-2.19377255439758
-1.08763563632965
-0.77035206556320
-0.00329320761375
0.98160868883133
-0.49148058891296
-2.26009774208069
-0.40630906820297
0.95331996679306
-0.24263121187687
0.10566395521164
-1.14551770687103
0.42317312955856
-1.28502798080444
0.61791801452637
1.35847043991089
-0.10382695496082
-0.31567779183388
-0.26723363995552
0.48737227916718
0.52856814861298
-0.36069881916046
0.77089315652847
-1.51723325252533
0.60265576839447
0.44982433319092
0.12756571173668
-0.19460225105286
-0.69254547357559
0.65019649267197
-0.01016647182405
0.38788521289825
1.08525049686432
-1.63728249073029
0.32682406902313
0.54217255115509
-0.16027757525444
-1.94897019863129
-0.47435116767883
0.83125191926956
-2.44399142265320
0.93444067239761
-0.96682250499725
1.03824663162231
0.14217519760132
1.37382864952087
-0.77112555503845
0.02104584500194
0.58330965042114
-0.29540333151817
-0.86035287380219
-0.90933102369308
0.34878960251808
0.31880614161491
-0.83644497394562
-1.51972568035126
-0.43495261669159
0.73354417085648
0.58302921056747
-0.49472299218178
-1.52107834815979
0.97009807825089
0.59539145231247
0.98917144536972
0.47830396890640
1.26151430606842
0.37899181246758
-0.82960790395737
-1.06929600238800
0.34704241156578
-1.90756869316101
0.75998139381409
-0.44798862934113
0.45953473448753
0.65809702873230
0.57198435068130
1.00336539745331
0.22633638978004
-0.13611394166946
0.89483201503754
-1.85854387283325
-0.05002267658710
0.65120637416840
-0.90198439359665
-0.00692046573386
-0.43705451488495
-0.27792340517044
0.34376510977745
0.05145173892379
0.44559621810913
-0.63087642192841
1.11882841587067
0.40429845452309
-0.25096040964127
0.13806059956551
-1.36154425144196
-0.91999423503876
0.54072403907776
-1.05940389633179
0.55069988965988
-1.46695983409882
1.48519766330719
0.98914933204651
-0.83353245258331
-1.81212663650513
-0.30706611275673
-0.67481935024261
0.67090916633606
-0.14198565483093
-0.42705392837524
-0.64782613515854
1.22947382926941
0.64157003164291
0.10921426862478
-0.73480200767517
-0.08696135133505
-0.02396867237985
-0.45481929183006
0.20399788022041
-0.27865713834763
-0.01854619942605
-0.43068838119507
-0.61686682701111
-0.12655635178089
-0.42713344097137
0.16610434651375
-0.07513099908829
-0.40698677301407
-0.70737689733505
0.34201061725616
-0.02675973437726
-0.28451332449913
0.71056747436523
-0.59930098056793
-0.70800691843033
-0.32010623812675
0.52304393053055
0.02901246398687
-0.92086768150330
0.43081185221672
-0.06228953972459
-0.43342450261116
-0.84240227937698
-0.94558811187744
0.11544234305620
-2.02065896987915
-1.98191595077515
0.79599821567535
-1.62108731269836
-0.02387409098446
-0.18761448562145
0.31275305151939
0.37792992591858
0.16132059693336
0.40795686841011
-0.46792107820511
0.62553185224533
-0.91102325916290
0.12752631306648
0.45994713902473
0.21071435511112
1.08373022079468
-0.73518937826157
0.24873211979866
-0.57359135150909
-0.63308161497116
0.68702226877213
0.08369762450457
-1.06958460807800
0.58890676498413
1.27799594402313
-1.48612082004547
-1.71275615692139
-0.34590929746628
0.44964554905891
0.02667235583067
0.48065105080605
-1.58431506156921
0.46959757804871
-0.13828845322132
-0.35899260640144
0.28178760409355
-0.23478871583939
-0.83237469196320
0.87133407592773
-0.37798237800598
-2.08400797843933
-0.02893894538283
0.23572707176208
-0.59783762693405
-0.22945380210876
-0.14446160197258
-3.05300664901733
-0.09217132627964
-1.89730978012085
-0.49188557267189
-0.14808249473572
0.66388952732086
-2.27685332298279
-0.23064368963242
-0.11771126836538
-0.71796888113022
-0.00049743987620
0.85737121105194
1.03754615783691
-0.61147755384445
0.05008811876178
-1.30353498458862
0.14062760770321
0.12953335046768
0.89460110664368
1.49053597450256
-0.77065867185593
-0.58588767051697
-0.07773946970701
-0.90391200780869
-1.00981867313385
0.74498355388641
-0.84090596437454
0.11679074168205
-0.44237360358238
0.20960432291031
-0.52559530735016
-0.63295072317123
-0.00215997430496
0.41273871064186
1.18247723579407
2.11690640449524
-0.28591093420982
0.71879351139069
-0.89473980665207
-0.30301430821419
-0.79313343763351
0.03879433870316
0.98001092672348
-2.05201768875122
0.09127022325993
0.22282087802887
-1.56488847732544
-0.82004457712173
0.62358587980270
1.30033731460571
0.59114706516266
0.37639451026917
0.02576812729239
-0.01717243343592
0.07777660340071
0.32118538022041
0.23835253715515
-0.41767629981041
0.28187191486359
-0.23482108116150
0.18271419405937
0.02799929864705
0.03130075708032
0.01773510873318
-0.10915570706129
-0.09850927442312
-0.24089667201042
-0.49105030298233
-0.88465899229050
0.43577271699905
-1.18129718303680
0.49955180287361
0.57111817598343
0.58918386697769
1.14532268047333
-0.76936352252960
0.23469787836075
-0.11000894755125
-1.33518302440643
-0.86304235458374
-1.64165186882019
-0.09667102247477
-1.49642860889435
0.82114714384079
1.02613317966461
0.16799151897430
1.27022790908813
0.37537634372711
-0.26640278100967
-2.28704476356506
-1.65879821777344
1.27178120613098
0.62779641151428
-0.03180851042271
-0.43240493535995
0.16987860202789
0.75583100318909
-1.00692296028137
-1.76323151588440
-0.19865411520004
-0.21695202589035
0.72095829248428
0.26902016997337
0.39300763607025
-0.25073021650314
-3.23626685142517
0.12413676083088
0.35284367203712
0.97941929101944
-0.90898078680038
-0.13536328077316
-0.72029364109039
0.45611247420311
0.56365865468979
0.76495772600174
1.77667558193207
0.23440141975880
0.02754662372172
-1.42476582527161
-0.19057184457779
-0.78712362051010
0.26243740320206
0.06360625475645
-1.33208775520325
-0.97793060541153
0.40136927366257
-1.63533103466034
-0.71999162435532
0.18399661779404
1.22329056262970
0.87951499223709
0.59399026632309
0.10440727323294
-2.03250122070312
1.88124346733093
-0.46173423528671
-0.85562199354172
-0.81338781118393
-1.56952846050262
1.59661912918091
1.45873463153839
-1.37243330478668
0.69790828227997
-1.43038797378540
-0.83771163225174
-1.80020344257355
-0.29929500818253
0.22150391340256
-0.42718622088432
0.71942108869553
1.43611609935760
-2.46948528289795
-0.83403515815735
0.74909353256226
0.24300727248192
1.68104684352875
1.09035396575928
-1.64276623725891
0.12339431047440
0.02702247910202
0.32086569070816
-1.07298898696899
-0.72908002138138
-0.45301115512848
0.30400496721268
-0.81074953079224
1.06025087833405
0.82615381479263
-0.95883208513260
-1.00901579856873
-1.00194466114044
0.30911859869957
-0.52873867750168
-0.72361356019974
0.89027190208435
-0.32618317008018
-0.39898964762688
-0.82058286666870
0.12490101158619
2.30321311950684
-0.19051705300808
0.83557498455048
-1.02681946754456
-0.32384485006332
-0.97577571868896
0.25768336653709
0.64642906188965
-1.96289169788361
-0.14952993392944
0.15188935399055
-1.49419283866882
-0.73361319303513
0.62185192108154
1.52519452571869
0.89771080017090
-0.03465236350894
-0.44800204038620
-0.81756335496902
-0.37155008316040
-0.47581171989441
-0.35058939456940
-0.41372412443161
-0.36418747901917
-0.19344097375870
0.07411247491837
-0.45652720332146
-0.67636311054230
-0.53619766235352
0.05694954842329
-0.56652575731277
-0.48570728302002
0.17838385701180
-0.20961681008339
0.14880822598934
0.24719686806202
0.26707741618156
-0.19040510058403
-1.78661000728607
0.02204713039100
0.15012969076633
0.15770848095417
0.13158099353313
-0.70573401451111
-2.44049000740051
-1.73393487930298
-0.73797667026520
-1.84224855899811
-0.07720854133368
-0.31679308414459
-0.76587218046188
1.03687000274658
-0.64899241924286
0.09819685667753
0.35595345497131
1.00698757171631
0.70664149522781
-0.23272189497948
-0.60022121667862
-0.35704031586647
0.04478158429265
-0.04798518121243
-0.78475338220596
0.67324835062027
-2.64049482345581
0.03428719937801
-0.02035438828170
0.95280063152313
0.16227640211582
-0.48327228426933
-0.21363684535027
-0.24804824590683
0.28802776336670
1.06377494335175
0.03110249154270
-0.62843745946884
-1.14163148403168
0.33102378249168
1.27074944972992
-0.71985435485840
-0.67292672395706
-3.06181597709656
1.04168093204498
-1.01625514030457
-0.31827613711357
0.96992522478104
-0.29752096533775
-1.08597266674042
-2.12176847457886
0.45767706632614
-0.38328006863594
-0.53785103559494
-1.01971209049225
-0.01582396030426
1.05532920360565
0.99110245704651
-0.04972597956657
-0.01694390736520
0.32824137806892
-0.60418677330017
0.91451025009155
0.35728436708450
-0.46000102162361
0.48718485236168
0.74523246288300
-0.22280411422253
0.17606745660305
0.00477683544159
-1.03500521183014
1.02060711383820
-0.49285963177681
0.29224574565887
-0.38348618149757
0.71466749906540
0.33656114339828
-0.22367811203003
-1.00483393669128
0.27371606230736
-0.01358604710549
0.59077632427216
0.65450251102448
0.95573240518570
0.84230595827103
1.04365909099579
-1.83559298515320
0.41343864798546
0.14250671863556
-0.43927353620529
-0.46389350295067
-4.00061368942261
-1.29834938049316
-0.06391622126102
-1.84541797637939
0.58665579557419
0.45919761061668
0.07421106845140
1.91383326053619
-0.24963241815567
0.46978381276131
-0.75910091400146
0.62525773048401
0.67650574445724
-1.11534535884857
0.84044802188873
-0.43751746416092
1.36803758144379
0.71343386173248
0.64086192846298
0.18228299915791
-3.68785572052002
-1.22877395153046
-1.39349222183228
0.57537752389908
-0.62455791234970
0.37148115038872
-0.25024339556694
0.03643467277288
0.32846069335938
0.18448697030544
-1.48671591281891
-0.49708038568497
1.27576911449432
0.71504199504852
-0.00777342123911
-0.20316873490810
0.08015454560518
0.79996812343597
-0.04611189290881
-0.04184215515852
0.58700329065323
-0.35011178255081
0.35674694180489
0.47298040986061
-2.35495400428772
0.90996056795120
1.21972525119781
0.71875566244125
-1.03033089637756
-0.61978715658188
-1.57705807685852
0.62926846742630
-1.42268252372742
-1.73632657527924
0.28803464770317
1.86120021343231
-0.65144461393356
-1.00773572921753
-0.62952786684036
-0.29450777173042
-0.08733595162630
-0.06090322509408
1.21339905261993
-1.60734844207764
-2.43086767196655
0.91640973091125
0.83846914768219
-1.05897188186646
0.00905857980251
0.09228462725878
0.06748563051224
-1.75290954113007
0.45128270983696
0.63080710172653
-0.37365370988846
0.96086615324020
-1.18529129028320
0.97595089673996
-0.05934955552220
1.05364608764648
1.78922498226166
1.32382023334503
-0.10636239498854
0.30922746658325
0.18504054844379
-0.43448808789253
0.03037047944963
0.10577990859747
-0.37984746694565
1.13626801967621
-2.54701900482178
1.43144750595093
-0.68132108449936
0.27104860544205
-0.61329811811447
0.16016249358654
-1.69880414009094
0.77091693878174
-0.01673123799264
0.54236322641373
-0.94982165098190
-1.01930773258209
0.62533885240555
-1.10878980159760
-1.88275551795959
-0.32578474283218
-0.08994164317846
-0.09158032387495
-0.54282045364380
0.50280833244324
1.04604041576385
1.27718222141266
0.81606739759445
-0.37443464994431
-1.54199182987213
1.13123106956482
-1.07855331897736
0.17333720624447
1.21907222270966
-0.73207563161850
-0.26767483353615
-0.72359502315521
-0.26283305883408
0.44603699445724
0.39166685938835
1.32637822628021
0.39116507768631
-1.50770676136017
-0.03664176166058
0.36969056725502
-0.29732361435890
-0.90530854463577
0.88606613874435
-1.14872407913208
0.65296608209610
0.00963219348341
-0.42544814944267
0.45576655864716
0.37332123517990
1.33584463596344
-1.36221015453339
-0.10272034257650
-0.81079328060150
0.88700807094574
-1.13305854797363
-1.61137473583221
0.96201473474503
0.30255270004272
-0.93037253618240
-0.36442580819130
0.09295485168695
-0.69763201475143
-0.45929980278015
1.07760059833527
0.67135745286942
-0.03202853724360
-0.60762065649033
-1.90220737457275
1.65247035026550
1.49802911281586
-2.50821089744568
0.04627554491162
0.54989075660706
-0.46136316657066
0.46080610156059
0.70220750570297
-0.75563281774521
-1.28307974338531
-5.00645780563354
1.17085552215576
-0.01403145492077
-0.36074653267860
-0.12244573980570
-0.19213202595711
-0.21778757870197
-0.48945915699005
-0.26295426487923
-0.22951675951481
-0.65891087055206
0.24066968262196
-0.68240284919739
-0.55041486024857
0.03864408284426
-1.86389803886414
-0.03193271532655
-1.08429205417633
-0.25854581594467
-0.12606248259544
-0.43705296516418
-0.07858059555292
-0.00781892891973
-0.06223340332508
1.45914244651794
0.14439257979393
-0.01438079494983
0.25338262319565
0.69143229722977
0.11073827743530
0.04322724044323
0.03633088618517
-1.10216689109802
0.96908324956894
-0.24296410381794
-1.97551381587982
-2.43143010139465
0.23721240460873
-0.04797357693315
0.64149051904678
1.39837098121643
0.00540025159717
1.05688691139221
0.08535675704479
-0.48660397529602
0.96724593639374
-0.97281795740128
0.21643668413162
0.28498557209969
-0.12942910194397
-0.66237634420395
-2.59172296524048
-0.80948114395142
0.07913050055504
0.20449005067348
0.55327361822128
0.23579579591751
0.88688039779663
1.32247388362885
-0.21447654068470
0.81503289937973
-1.68790233135223
-0.18928217887878
2.43499517440796
-1.97224700450897
1.91045820713043
-2.55696344375610
-0.99128824472427
-0.85536468029022
0.45956823229790
-0.57544523477554
0.15045881271362
0.96154630184174
-0.42529532313347
0.58750909566879
-0.63846319913864
-2.12105894088745
0.68108546733856
0.75486832857132
-0.90713280439377
0.47944867610931
0.55644989013672
0.56356185674667
0.73737227916718
0.09060393273830
0.31034624576569
-0.74421513080597
0.52190417051315
1.74325764179230
-3.36710000038147
1.86657750606537
-0.52361756563187
-0.08358608186245
-0.53143233060837
1.37864685058594
0.16479285061359
-0.45675635337830
0.55541348457336
-0.94869321584702
0.72407335042953
-0.57888221740723
0.00410817051306
-0.75250643491745
0.98140722513199
-2.84499096870422
-0.81053453683853
0.94314664602280
-0.30360186100006
-2.65727496147156
1.10343968868256
0.53390491008759
1.77963900566101
0.83168494701385
1.18878877162933
0.99369275569916
-2.08729147911072
0.78941053152084
-0.26943314075470
-1.40500831604004
0.85623991489410
-1.28459954261780
-1.09081292152405
1.00960648059845
-0.33794957399368
-2.82705235481262
1.11248421669006
-1.06519198417664
-3.09167957305908
0.32070136070251
0.62942314147949
-3.03191494941711
0.10498217493296
0.39904123544693
0.43067914247513
-0.73943221569061
-0.03151007741690
0.50046449899673
-0.68806988000870
-0.91921627521515
-0.40518161654472
0.08014790713787
0.46740531921387
0.39624130725861
1.72272896766663
-0.10621976107359
-1.25522875785828
-2.60416698455811
-0.89296638965607
0.22542548179626
0.29004570841789
-1.28410780429840
1.16185176372528
0.43622311949730
0.66501504182816
0.78729468584061
0.07616400718689
0.23251122236252
-0.86203455924988
-2.73279237747192
-0.59662312269211
1.21385598182678
1.49872195720673
0.61800175905228
0.70420598983765
-0.58204180002213
-7.95250606536865
-2.77827310562134
0.19087190926075
0.51696705818176
0.97908967733383
1.76145172119141
-3.65908026695251
0.98264271020889
0.09398435056210
-0.15082626044750
-0.85677444934845
0.45125284790993
1.28364729881287
-2.06205177307129
-0.31179702281952
-0.85737586021423
0.83307999372482
-1.88731896877289
0.67771089076996
-0.97151041030884
-1.40122902393341
1.56240630149841
0.05480450019240
0.26648604869843
1.08945715427399
-3.06163382530212
-3.06215524673462
0.75718009471893
1.15008151531219
-1.85692107677460
0.62053877115250
-0.03994104266167
1.57459378242493
-1.79353356361389
-0.57309556007385
1.12957298755646
0.13443773984909
-0.38539370894432
0.08612121641636
1.70926189422607
-3.49492049217224
0.88139724731445
0.92932224273682
1.40691006183624
-0.02899452112615
0.58393651247025
-1.13116788864136
-2.69554853439331
-1.02030634880066
-0.04450888186693
-0.09236318618059
-0.47522243857384
-1.02359914779663
-4.39165496826172
0.46614900231361
-0.72382509708405
-0.25738006830215
-0.84227651357651
-1.30910301208496
1.15878725051880
-1.22666621208191
0.84173631668091
-0.26351046562195
-0.29428395628929
-1.44691181182861
1.13357460498810
1.02891039848328
-0.80718803405762
0.45827630162239
-0.23914138972759
1.05449247360229
-0.15868444740772
1.42915511131287
-0.01481474656612
-0.51164007186890
-4.49976634979248
1.26581048965454
-0.60880464315414
0.82370710372925
-0.02667943947017
-1.33837151527405
-0.43516597151756
-1.48729765415192
0.92486363649368
-2.01812744140625
-0.43892085552216
-1.41076135635376
0.55744707584381
1.09582757949829
0.62004566192627
-0.90340942144394
0.92672318220139
1.05210161209106
0.30205798149109
0.38308286666870
-0.90258914232254
0.64644706249237
-3.08135080337524
0.28205946087837
-1.04869163036346
0.46173232793808
-1.04105830192566
0.07907060533762
-4.17984724044800
1.56961059570312
-1.94699621200562
0.50002455711365
0.22140501439571
1.44721353054047
0.65796726942062
-2.73877787590027
-0.33400416374207
-1.82037651538849
0.49031129479408
0.40200540423393
0.49191448092461
0.54883581399918
0.63062119483948
0.60893458127975
-1.95973682403564
-0.02769182994962
-0.04360741004348
-0.81296592950821
0.07085688412189
-1.29730916023254
-0.22687625885010
0.43723347783089
0.26941165328026
-0.34350681304932
-0.92369735240936
-0.03454979136586
-0.79000151157379
-0.80296963453293
-1.32468354701996
-0.72792345285416
1.98767662048340
-1.71533906459808
-0.69031012058258
1.21664845943451
-0.87335175275803
2.74454450607300
-1.68456256389618
-0.59730035066605
-0.79570531845093
0.45465013384819
1.21448159217834
-1.01698029041290
-1.00973439216614
-0.75492471456528
-0.21252603828907
-2.80017113685608
-1.49733936786652
0.73975634574890
0.92146176099777
0.53819644451141
-0.57489502429962
-4.05653047561646
-1.73297393321991
-1.21827375888824
-1.18830239772797
0.76846450567245
-0.06909856200218
0.24112182855606
-0.37874525785446
-1.35460865497589
0.59708499908447
-1.31169378757477
0.83767420053482
-1.25460350513458
0.44546857476234
-0.68552970886230
0.75836539268494
-0.20263291895390
-0.76991659402847
0.63429629802704
-1.06089842319489
-0.68808472156525
2.00111317634583
-0.02455859258771
1.76771414279938
0.76258885860443
-0.71299564838409
0.03741735219955
-0.67536777257919
-0.79874098300934
0.24101071059704
0.53382742404938
1.07182502746582
0.58251070976257
1.10497879981995
0.66173988580704
0.15578690171242
-0.02825248241425
0.39930805563927
-0.51959019899368
0.43506857752800
1.98150777816772
1.74228501319885
-0.53352266550064
1.10555016994476
0.45747205615044
-3.24515533447266
-0.34547191858292
0.20633821189404
0.10886549949646
-0.84208875894547
1.40086543560028
-0.30815544724464
0.34758636355400
-1.10083496570587
-0.58872932195663
-0.28120386600494
0.25812354683876
-0.34331944584846
-0.45168218016624
-0.65294420719147
-4.82335424423218
-1.57585239410400
1.32082974910736
-0.15576340258121
-0.72939473390579
0.17003679275513
-0.10591569542885
-0.03333969786763
0.36574652791023
1.46658408641815
-1.66996526718140
1.20479846000671
0.36033588647842
0.90846270322800
0.17965383827686
-0.15121276676655
-0.02838906459510
-0.58184427022934
-0.10846231877804
0.19723461568356
-0.79430758953094
-0.23538850247860
-0.64421427249908
0.82540351152420
0.59849208593369
-1.05477654933929
0.83141851425171
0.99716168642044
-0.32725536823273
0.80179476737976
1.38862252235413
0.26955696940422
-0.59337002038956
-1.11800229549408
0.81144303083420
0.30424168705940
0.95251011848450
0.35456243157387
0.71467196941376
0.39856198430061
1.41006577014923
0.05255840718746
-0.12735986709595
-0.28722539544106
1.11808705329895
0.51235657930374
-0.88315492868423
-1.07266354560852
-0.26885005831718
-0.97431468963623
-2.03149437904358
-0.50555497407913
-0.38027346134186
-0.83599007129669
0.45240482687950
-0.50252163410187
-0.70209008455276
-0.27863830327988
-0.45321783423424
-2.29471898078918
-2.19245529174805
0.61693471670151
1.75350427627563
-1.04112994670868
1.28527188301086
0.53889536857605
-0.33736884593964
-0.51124429702759
0.09169102460146
0.21232533454895
-0.72727000713348
-1.31610894203186
0.21394035220146
0.94808942079544
-2.10554313659668
0.20350445806980
-0.20505858957767
-0.11058181524277
0.04618741199374
1.34775602817535
-0.04194335639477
-0.04432336241007
0.25547191500664
-1.95558142662048
0.80391508340836
-0.14046163856983
-1.85721123218536
0.38777232170105
-0.36798074841499
0.77387380599976
-2.64130544662476
0.77030181884766
-1.31547832489014
1.60019695758820
-0.32198849320412
-1.00905561447144
0.92566061019897
0.17804190516472
0.01591273583472
0.40061295032501
-0.34532219171524
0.20109596848488
0.74390894174576
1.18300628662109
-2.34930610656738
-0.95263797044754
0.37586256861687
0.16575245559216
-0.30868458747864
0.06756079941988
0.98378533124924
0.22910875082016
1.02902424335480
-1.21103465557098
0.00294425804168
0.02039949782193
0.56438475847244
-0.66302549839020
0.32170420885086
1.23449683189392
-0.15221296250820
0.83527767658234
-1.38630831241608
0.96136379241943
-0.70971500873566
-0.55382776260376
-0.11210625618696
-0.21287313103676
0.40438565611839
0.71841597557068
-0.48645487427711
0.92853373289108
0.11036975681782
1.85212695598602
-1.25585627555847
0.36222976446152
-0.33653190732002
-1.15456306934357
0.49957877397537
-0.49737715721130
1.15797221660614
-0.16846959292889
0.03726489841938
1.58903563022614
-1.45535922050476
0.97515231370926
0.90917694568634
-1.52143990993500
0.50241905450821
-1.25854158401489
0.07249282300472
-0.29796689748764
0.72975230216980
1.22135472297668
-3.39553904533386
0.38063812255859
0.23640502989292
-1.29314386844635
-0.69139492511749
0.23738212883472
0.14537484943867
-0.58100789785385
-1.19924962520599
1.88820707798004
-2.01504373550415
0.21975342929363
-0.34840524196625
-0.04720012471080
0.15990696847439
-0.72061479091644
-0.55152118206024
-0.27632465958595
0.06289139389992
0.33357945084572
-1.51419854164124
0.07500088959932
-0.58499711751938
1.34300339221954
-0.37886759638786
0.85629755258560
-2.11453127861023
0.67185056209564
-0.09774536639452
-1.32852423191071
-0.00675511872396
-0.84971171617508
0.19388277828693
-0.90252840518951
0.84676599502563
-1.15301489830017
-0.77917116880417
0.54365366697311
1.62070596218109
-1.20209598541260
-0.01513478904963
-0.80398148298264
1.07751452922821
-0.21675512194633
-0.14406906068325
-0.07276654243469
-2.18972563743591
0.72173637151718
0.08420048654079
1.27749621868134
1.22630465030670
0.10324685275555
-0.77653098106384
0.30862680077553
0.33515176177025
-1.13247072696686
-2.57239174842834
0.15681155025959
-1.17961120605469
-0.46084058284760
-0.74269098043442
0.72554707527161
0.57873427867889
0.80278372764587
-0.01739695295691
-1.94850957393646
-0.44409152865410
1.34888410568237
-1.17608976364136
0.13767805695534
0.59186047315598
0.07664913684130
-0.63096541166306
1.11381149291992
0.71227526664734
-0.18114002048969
-0.09588765352964
-0.91634696722031
-0.25666934251785
-4.42966318130493
-1.01309847831726
-0.79686814546585
0.22669571638107
0.16545128822327
0.49178859591484
-0.41953879594803
1.54405176639557
1.44038307666779
-0.27493044734001
-0.77893584966660
1.13983821868896
-0.39777544140816
0.73462337255478
-0.05360905081034
0.36041584610939
-1.77881348133087
0.23783707618713
-0.15678125619888
-0.02427496202290
-0.15287746489048
-0.11885571479797
0.09467561542988
-0.46135520935059
-0.00853341352195
-0.11083006858826
-0.39189189672470
-0.56532114744186
-0.30959340929985
-0.54495781660080
-0.19181336462498
-0.28527632355690
-0.10303378105164
-0.15689946711063
-0.12844096124172
-0.92544013261795
-0.83476579189301
0.81434154510498
0.62719464302063
1.03640949726105
0.39664697647095
-0.28582772612572
-1.87610948085785
-0.59257429838181
0.44479566812515
1.26632773876190
-1.87281644344330
-1.62036299705505
-1.48893380165100
-0.97157931327820
0.39952799677849
0.97426193952560
-0.56129527091980
-1.26177585124969
-0.37900197505951
0.19702532887459
-1.29571056365967
-1.80588304996490
0.72846144437790
-2.62201118469238
-0.18581959605217
-3.28414297103882
-1.07695233821869
0.52142989635468
-1.05396676063538
0.19139106571674
0.47748002409935
0.90968984365463
-1.44335281848907
-0.98193830251694
0.44628521800041
-0.21918550133705
0.72091341018677
0.29718378186226
-0.39489501714706
-1.07137191295624
0.34921088814735
-1.48095715045929
0.69872641563416
-0.18251933157444
-1.50276589393616
0.48706144094467
1.02794361114502
-0.00453042285517
-0.77143037319183
-0.24530114233494
-1.94072496891022
-0.16240547597408
0.48433634638786
0.44346359372139
0.03432293608785
-0.29195144772530
0.75330579280853
0.14779791235924
-1.10279023647308
0.29774269461632
-0.48479259014130
-0.52337419986725
-1.19210004806519
-0.14548790454865
-0.15854471921921
-0.40384316444397
0.37711966037750
-0.32896324992180
-1.43492805957794
-3.02904367446899
-0.15995819866657
1.09550344944000
0.54039859771729
-1.86247587203979
-0.20171357691288
0.39301523566246
-1.46056270599365
-0.09134497493505
-1.09310710430145
1.00113129615784
-0.07305745780468
-0.92298412322998
0.89125561714172
-0.78818309307098
-0.54154342412949
0.66540610790253
-0.03981932252645
1.58731961250305
-0.58529293537140
0.80712693929672
-0.01193560101092
-0.00271199573763
-0.12792761623859
0.56040322780609
-0.39258775115013
0.10424648225307
0.56785780191422
-0.61094081401825
-0.18278385698795
-0.23840518295765
-0.24451796710491
-1.10760271549225
-0.45343679189682
-0.51006495952606
0.80822128057480
-0.62673068046570
-1.29655241966248
0.02105608209968
-1.55141663551331
0.41742208600044
0.31290319561958
-0.19339226186275
-1.09384560585022
-2.26209735870361
0.13618510961533
0.05708090960979
-0.27252829074860
1.03780806064606
-0.78659927845001
-4.83084535598755
0.80221319198608
-0.23721925914288
-0.12757204473019
1.09994566440582
-0.15796640515327
0.02120362222195
-0.83766120672226
-0.26800557971001
0.59301275014877
-0.63096028566360
-0.10322001576424
-0.32320618629456
0.69929718971252
-0.31813472509384
-1.51895129680634
-0.71927285194397
0.74901795387268
-0.38199913501740
0.39325225353241
-0.39557260274887
1.26785087585449
0.71007567644119
-0.09080163389444
-0.04139963164926
-0.60096168518066
-1.62476813793182
0.36193528771400
0.45286551117897
-0.76735192537308
-3.07311177253723
-0.46181488037109
-1.35277259349823
0.93052077293396
-0.37549889087677
-1.69558060169220
-0.13321453332901
0.13682435452938
0.78910094499588
0.51994943618774
0.15270389616489
-1.16744971275330
0.11632931232452
1.15735816955566
-0.57367181777954
-0.00658101728186
-0.50823068618774
-0.90615475177765
0.72500467300415
-3.68451356887817
0.44325619935989
-0.21726186573505
-0.15908844769001
0.20725747942924
-2.92583513259888
0.84504467248917
-3.78656315803528
-0.61428487300873
-0.06017266586423
0.84333401918411
-1.25265669822693
-1.28182816505432
-0.18817088007927
-1.31338930130005
0.28549945354462
0.54466265439987
1.04313576221466
-3.08090329170227
-0.51845401525497
0.64270794391632
-0.13285864889622
-2.92831468582153
-0.69016927480698
-1.03168916702271
0.80229830741882
0.91775137186050
-0.17236815392971
0.95112067461014
0.60011291503906
-0.90513288974762
0.07482425868511
0.17649602890015
0.76264274120331
-0.62944853305817
-2.26649188995361
-2.19324898719788
-1.57646441459656
1.04886996746063
0.23481993377209
-0.76502352952957
-1.16485834121704
0.54427176713943
-1.81419432163239
-0.54177713394165
1.18273675441742
0.25795766711235
1.07122850418091
1.55592954158783
1.81619322299957
-1.88252687454224
0.09216725081205
-0.52990972995758
-0.69962286949158
0.48703205585480
0.78267168998718
-0.26089480519295
-0.04227823764086
-2.43751764297485
0.29312187433243
-0.57132476568222
-0.76454758644104
-0.18352541327477
1.97511553764343
-0.66234779357910
-0.56064319610596
-0.34538736939430
-0.22190967202187
0.85168528556824
-0.09662279486656
0.55166471004486
-0.57428014278412
0.18840828537941
-0.24076828360558
0.29176810383797
-1.38207089900970
0.43425184488297
0.56385535001755
-0.72698730230331
-3.07688522338867
0.65775287151337
-0.29326006770134
0.34911903738976
-1.45539700984955
0.72777652740479
-0.40308734774590
-3.47262573242188
0.31229168176651
0.43068441748619
0.70357340574265
0.14245679974556
-0.32240292429924
0.49680003523827
-0.80530935525894
-0.76138710975647
0.35500466823578
0.19159595668316
-0.65953683853149
-0.34156963229179
0.48043319582939
0.33224254846573
0.36555838584900
-0.66922026872635
-0.84574234485626
-1.07245099544525
-1.36288368701935
0.10198759287596
0.63176113367081
-0.63071376085281
0.30193510651588
0.98455828428268
-0.42750284075737
-0.66819882392883
1.25538253784180
-1.32570040225983
-1.30222213268280
-1.05825197696686
-0.44610106945038
0.68891417980194
-0.13017015159130
-0.40381252765656
0.80598032474518
0.70058578252792
-0.69171726703644
0.40681725740433
-0.28079080581665
0.61797630786896
-1.01165831089020
-0.28504592180252
0.40650913119316
-1.15772402286530
-0.29803618788719
-0.13635118305683
-0.37156906723976
-0.97970694303513
0.01331891585141
0.50439363718033
0.75233495235443
-0.13981591165066
0.19552157819271
1.22534954547882
-1.19850838184357
-0.30298569798470
0.59191912412643
-0.76895552873611
-0.37145519256592
0.61039966344833
-0.99716079235077
0.44151535630226
-1.45183360576630
-1.23471760749817
-0.71759939193726
-0.16009244322777
0.90101027488708
0.14500968158245
-0.28123825788498
0.77005779743195
-2.57594919204712
0.41775858402252
-0.96375823020935
0.86796671152115
-1.15964877605438
0.50735932588577
0.83594906330109
-1.38422930240631
0.58279263973236
-0.01527174375951
-0.85946434736252
-0.30652311444283
0.44575840234756
-0.24464561045170
-1.57968258857727
0.31806889176369
0.63836389780045
1.11342787742615
-0.00917045865208
0.24752323329449
0.92598247528076
-0.33457809686661
-0.97689926624298
-0.63587462902069
0.61254221200943
-0.25748229026794
0.25289765000343
-0.16353408992290
0.18407256901264
0.09803764522076
0.58757591247559
0.26994147896767
0.34456607699394
0.64791250228882
-0.03536431491375
0.29428446292877
0.50980728864670
-0.54228550195694
0.77078962326050
-0.31846356391907
0.79502433538437
-0.36753508448601
0.58877468109131
1.40647268295288
-2.10857415199280
0.99597811698914
0.03913985565305
-0.90934270620346
0.45850232243538
0.20406639575958
0.71400225162506
-0.50470876693726
-0.43994450569153
1.12735247612000
-2.07231116294861
0.66209995746613
0.21298582851887
-1.13491153717041
1.72654521465302
-0.85128587484360
0.69073319435120
0.18480992317200
-0.11417227238417
2.26673746109009
-0.41708463430405
0.03597324714065
-0.40109235048294
0.29282891750336
-0.40815412998199
0.32456541061401
0.25829970836639
-0.19123201072216
-0.59914982318878
-4.01065540313721
0.62910956144333
0.17096440494061
-0.75880616903305
1.55998015403748
1.50067806243896
0.28518256545067
0.25128981471062
-1.05460381507874
-0.42997321486473
-3.07514977455139
-0.93306154012680
0.72617113590240
0.17678488790989
0.70280748605728
0.06182838976383
0.55502748489380
-0.71415454149246
-1.05971705913544
0.08019443601370
-0.98543554544449
-0.26004502177238
0.08520966023207
0.41592940688133
-2.10261631011963
1.60039949417114
1.07759380340576
0.13499946892262
-0.21171097457409
-0.67270243167877
1.06769776344299
-0.35797649621964
-0.51168888807297
0.75117385387421
1.17983877658844
-0.26844701170921
-0.45892065763474
-3.91564702987671
-1.08100712299347
-0.71075701713562
-1.81168091297150
0.31089666485786
0.92946773767471
0.56600487232208
0.11802506446838
-1.70034062862396
-0.80854344367981
0.51109272241592
1.03615653514862
0.42198807001114
-1.31096577644348
-0.49931898713112
0.26945573091507
0.57913988828659
-1.20261943340302
-0.59411227703094
-0.59705388545990
-1.12687599658966
0.43464466929436
0.93254256248474
1.27086699008942
-0.18117581307888
0.86962711811066
0.13683103024960
-0.74001729488373
0.57816874980927
-0.04791717603803
0.02907096967101
-0.26706460118294
-0.18580390512943
0.31063920259476
-0.01306370552629
-0.10633125901222
0.58520090579987
0.24523758888245
-0.82597279548645
-1.02185368537903
-0.73176437616348
0.50003528594971
-0.49571847915649
-0.83178091049194
-1.41356849670410
0.29477533698082
-0.92559003829956
0.91031831502914
-0.39281126856804
-1.71288883686066
-1.55709552764893
0.76952642202377
1.20741832256317
1.55792582035065
-0.32038754224777
0.72194880247116
0.27164620161057
-3.10734963417053
0.64293086528778
0.32853189110756
0.73895311355591
-0.59436178207397
-0.97999286651611
0.72003114223480
-0.17467279732227
0.34924110770226
0.13401572406292
-2.21835398674011
-3.24799036979675
0.28413397073746
-0.68924683332443
0.62119263410568
0.67086768150330
0.50111657381058
-0.93469929695129
-0.74400496482849
-0.11012978106737
0.86905485391617
-0.96988606452942
0.21915709972382
1.27570819854736
-0.02593678422272
0.37138563394547
-1.11940193176270
0.60282254219055
-0.40680828690529
-0.29306772351265
-0.18306307494640
0.36953145265579
0.67359322309494
0.79144096374512
0.24574333429337
0.21146366000175
0.55080443620682
0.09676349163055
-0.08524914085865
-0.63934487104416
0.62211281061172
0.00323588144965
0.67226582765579
-2.26315522193909
-1.15875613689423
0.91100662946701
0.22195765376091
0.25825121998787
-0.38045072555542
-0.50225824117661
-2.92396187782288
0.26578995585442
0.37677216529846
1.66558659076691
0.31498616933823
0.04853037744761
1.17900872230530
-0.43503594398499
1.04430794715881
-0.41134369373322
-0.73739665746689
-1.15288400650024
0.65773391723633
-0.95503586530685
0.08663845807314
-1.35002350807190
1.12160837650299
-0.39584749937057
0.85716021060944
-0.39258489012718
-1.03453028202057
-1.57098042964935
0.22061245143414
-0.53257173299789
0.64571613073349
0.68489801883698
1.84553527832031
0.87809348106384
-1.53994941711426
-0.32964417338371
-0.43125379085541
-1.06264996528625
-0.66750371456146
1.11727678775787
-1.12426662445068
-0.35235601663589
0.29913249611855
0.85284423828125
-1.24383366107941
-0.40739464759827
0.21076557040215
0.71939182281494
0.44596228003502
1.14960134029388
0.27908232808113
0.12122189253569
1.28983604907990
-0.85434871912003
-0.43383303284645
0.77648115158081
0.52241474390030
1.41563570499420
0.99347621202469
-0.78371548652649
0.06577633321285
0.18669684231281
0.11960462480783
0.09856439381838
-0.70853471755981
-0.38374340534210
0.10305043309927
-0.62255895137787
0.61999958753586
-0.14490948617458
0.08929841965437
0.29241627454758
-0.21720753610134
-0.46544864773750
-0.96856117248535
-0.11604414880276
-0.87650698423386
0.11111272126436
-0.02871111407876
-0.39586320519447
-0.11960526555777
-0.70071715116501
-0.27112087607384
0.13576984405518
-0.77794647216797
-0.06380528211594
-0.15056267380714
0.06360721588135
-0.75591301918030
-0.02520428597927
-0.01821400038898
-0.41033816337585
1.14781153202057
0.97346943616867
-0.15819177031517
0.81323409080505
0.73257023096085
-0.59459495544434
-1.34097647666931
-1.44230389595032
-0.87567192316055
0.27359685301781
-0.66343051195145
0.49959921836853
0.63305008411407
-0.33921390771866
-0.04846552014351
0.48253053426743
-0.09432878345251
-0.32622870802879
-0.30580031871796
-1.49980711936951
0.19226393103600
-1.59153568744659
0.71245354413986
-1.03616547584534
-1.08333194255829
0.32789802551270
0.91209256649017
-0.35613942146301
-0.60745871067047
0.14777874946594
0.75729167461395
-0.54242193698883
-1.22894740104675
-1.38012158870697
-0.65193760395050
0.64042121171951
-0.24747645854950
0.95617657899857
-0.19948986172676
-0.70746678113937
1.52895653247833
0.45789849758148
-0.64336365461349
-0.82936906814575
-1.57402741909027
0.54679477214813
0.11381696909666
-0.97319066524506
0.41923359036446
0.03129648044705
0.80319184064865
0.08769224584103
0.73686516284943
-0.11182661354542
-1.27121996879578
0.29780310392380
-1.97747373580933
0.14863407611847
0.32015162706375
-2.19005441665649
0.51778972148895
0.57007509469986
-0.48217576742172
-0.41523465514183
-1.58867180347443
-1.89815390110016
0.50611150264740
-2.05688548088074
-0.53289055824280
0.63808584213257
0.38691082596779
-1.07854473590851
1.72328710556030
-0.34671628475189
-1.92483472824097
-1.46731114387512
0.46777477860451
0.29084071516991
-3.11273097991943
-0.13615973293781
0.10706348717213
1.15130209922791
-0.91407746076584
-3.05225586891174
-0.30165731906891
-2.97170138359070
-0.63607710599899
-0.29613316059113
-1.85582506656647
1.08163797855377
0.20128215849400
-0.70991408824921
0.68047738075256
-1.14026474952698
0.35349985957146
0.44145256280899
0.65950125455856
-1.26965153217316
-0.41343256831169
-1.48236119747162
0.79803472757339
-1.66258347034454
-1.31793880462646
-0.36242529749870
0.45838448405266
-0.96254754066467
-0.38459837436676
-0.36895534396172
0.66639465093613
-1.50003993511200
-1.13716518878937
-0.04170531406999
1.42488574981689
-0.25667554140091
-0.44614169001579
-0.59821885824203
0.24160833656788
-1.24633181095123
-0.08966853469610
0.45000460743904
-0.62464797496796
0.32682618498802
-0.06084236502647
0.63299769163132
-0.13252444565296
0.05945629626513
0.71903955936432
-1.23838710784912
0.46282812952995
0.07112174481153
0.65753930807114
-1.33811283111572
0.71778011322021
-1.50146722793579
-1.19138181209564
-0.15597239136696
1.25631451606750
-0.44906806945801
-1.34546828269958
-0.80287188291550
-0.58946859836578
2.43802952766418
0.28102004528046
0.60369348526001
-2.15616679191589
1.00809657573700
0.31219652295113
-0.92210727930069
-0.29388076066971
0.01139526814222
-1.16427266597748
-0.31762439012527
1.29248893260956
-3.12518644332886
-0.80302083492279
0.34153282642365
0.33056187629700
0.05063161998987
0.21031467616558
0.30304262042046
-0.90845173597336
0.19046735763550
1.46503293514252
0.10294432938099
-1.32984483242035
-1.94692444801331
-0.16250090301037
-0.23530358076096
1.66307258605957
0.32805499434471
0.52285706996918
-0.25592750310898
0.54538369178772
-0.27205845713615
-0.65235495567322
0.57188099622726
-1.58592367172241
-1.43003785610199
-1.15085434913635
0.37444117665291
-0.00978584494442
0.27771991491318
-2.71993374824524
0.26219543814659
-0.35533207654953
-0.41584688425064
0.58544754981995
-0.17852605879307
0.04826815426350
-0.06723216176033
0.42419624328613
-0.11845520138741
-0.38895094394684
-0.66034418344498
-0.18610860407352
-1.47144639492035
-0.16684256494045
-0.87303096055984
-3.74719762802124
-1.66708743572235
-1.66527819633484
1.15163636207581
0.78341567516327
0.50817751884460
0.66109478473663
-1.30478549003601
-0.81653565168381
-1.71840107440948
0.66833746433258
0.17351928353310
0.54513579607010
0.81127786636353
-1.23818850517273
0.29925170540810
-0.20599442720413
-0.07942745834589
0.87295764684677
0.89261615276337
1.62759482860565
-0.14001061022282
-0.28044313192368
-1.17746257781982
0.30598017573357
0.50327903032303
-5.00969409942627
0.01676263101399
-0.22356683015823
0.33505609631538
0.83099925518036
-1.72025871276855
0.30158081650734
-0.51693713665009
-0.80803203582764
0.06439845263958
-0.33413371443748
-0.72797232866287
0.96341705322266
0.19957865774632
1.29576730728149
0.04614020884037
0.29099151492119
-1.36930763721466
0.02581225521863
0.56319802999496
0.28502434492111
0.72464263439178
1.05359005928040
0.48062807321548
0.09940695017576
-1.44282650947571
-1.21071553230286
-0.53007602691650
-0.22867530584335
0.12427493184805
-0.28938481211662
-0.73869663476944
0.26235798001289
-0.24254493415356
-0.95465368032455
-0.11859047412872
-0.03179802745581
-0.84571409225464
-0.29641792178154
0.03361240029335
-0.00077112705912
0.22594165802002
0.00245458516292
-0.90018624067307
0.31906616687775
0.20434635877609
-0.45987796783447
-0.53759586811066
0.53048574924469
-0.36208704113960
-0.32297545671463
0.23257036507130
0.38541519641876
-0.54672580957413
-0.16664375364780
0.21940945088863
0.25264900922775
-0.29397922754288
0.24930709600449
-0.34426787495613
0.14568081498146
-0.03485821932554
-1.44683921337128
0.53488296270370
0.57296127080917
1.01694464683533
0.42725419998169
0.98659908771515
-1.89726972579956
-0.74057066440582
-1.99959993362427
-1.26741349697113
0.41406932473183
0.49833536148071
0.83015614748001
-1.26873874664307
-2.13085412979126
0.37471875548363
-0.50531017780304
-0.14266179502010
-0.83358389139175
1.24841737747192
0.39009362459183
0.40351784229279
0.02203881368041
-0.49144291877747
0.79469966888428
0.27768281102180
-0.31169098615646
0.34819278120995
-0.40086895227432
0.67570614814758
0.19490800797939
-0.08631914108992
-0.23740065097809
-0.30428701639175
-0.14299230277538
-1.61435389518738
0.98955720663071
-0.11640071868896
0.78126668930054
0.38706696033478
-1.57944858074188
-1.17101049423218
-0.00089263700647
-0.40954676270485
-1.29886031150818
0.46560841798782
0.26685857772827
-0.20402079820633
-0.08417526632547
0.95404124259949
-0.16529041528702
0.77054971456528
-0.67115586996078
-0.27468785643578
1.76698350906372
-0.11847718805075
0.22099438309669
1.01984119415283
-0.12905856966972
-0.13078169524670
-0.78519916534424
1.18744528293610
0.17550443112850
-0.83146631717682
0.03217846900225
0.56601399183273
-4.79192638397217
-0.64459025859833
-0.69310253858566
1.17559659481049
0.14702185988426
-0.22579762339592
-2.26068544387817
-0.47081780433655
0.51907312870026
-1.83637082576752
-0.89608049392700
-0.14650729298592
0.70938539505005
-0.00301916780882
0.66789507865906
0.57425576448441
-0.68910789489746
0.63157767057419
-1.71856033802032
0.51639026403427
-0.40270218253136
0.75128555297852
-0.29044309258461
-0.94116187095642
-0.25228580832481
0.72790610790253
-0.04977801069617
1.21983265876770
-0.66264557838440
0.26119321584702
-0.84123283624649
-0.05875203385949
0.04824857413769
-2.18398332595825
0.73504352569580
-1.54124414920807
-0.35019645094872
-1.04656612873077
0.07357889413834
-1.32566499710083
0.65756738185883
0.40631917119026
0.53078770637512
-1.43741667270660
-0.10981392860413
0.75116533041000
-0.03610204160213
-0.00281751505099
-1.00837945938110
1.16612136363983
0.45627439022064
0.36953887343407
0.27890607714653
0.41555249691010
0.75589329004288
0.06624215096235
0.31671014428139
-1.91717612743378
0.84723579883575
0.09143517911434
-0.29765400290489
-0.08636146783829
0.94608044624329
-0.17167469859123
0.34518730640411
-0.43136653304100
0.77047848701477
-0.32226327061653
1.39368355274200
-1.02252936363220
0.83126592636108
-0.86840176582336
-0.43678593635559
-0.27723890542984
1.29775536060333
-1.25647366046906
-0.04889993369579
-0.41275891661644
-4.08480405807495
-1.11478650569916
-0.62929564714432
-1.16629815101624
0.43756258487701
0.40993055701256
-1.42544305324554
-1.11640179157257
-0.01732563413680
0.97976696491241
-0.05334052070975
0.00463858898729
-0.48816183209419
-0.12915693223476
-0.45539182424545
-0.71834838390350
1.11713433265686
-0.41251435875893
-0.93728059530258
-0.77350169420242
0.34017920494080
0.69826048612595
-0.10416249185801
0.96192419528961
0.56703913211823
0.41039487719536
0.66802412271500
-1.68924117088318
-0.93864065408707
0.04720996692777
-0.19073879718781
-1.38071358203888
0.70698904991150
-0.41882121562958
0.42809101939201
-0.09380687028170
-1.09573245048523
-0.01668223179877
-0.09805422276258
0.65324920415878
1.39453208446503
-0.51356184482574
0.97182029485703
-1.83151626586914
-0.00270206178539
0.34787675738335
-0.84916156530380
-0.17259040474892
-0.24179495871067
-1.17533826828003
0.65554076433182
-0.03208297491074
0.91750776767731
1.04343736171722
-1.19129300117493
-0.78793662786484
-1.02815568447113
0.09147325158119
-0.65358942747116
-0.32033455371857
-0.28059324622154
0.21904316544533
1.21123588085175
-1.15795636177063
-0.91940009593964
-0.79599940776825
-0.40397503972054
0.88663065433502
-0.47181731462479
1.06979393959045
0.35255819559097
0.62645620107651
0.57786083221436
0.18641082942486
-0.19087691605091
0.41226062178612
-1.52036809921265
0.33426108956337
-0.37871384620667
-0.71697974205017
0.36396229267120
0.32556992769241
0.51741594076157
0.35594782233238
-0.41170707345009
1.00323367118835
-1.54079544544220
0.68857002258301
0.16042318940163
-0.76405411958694
-4.07472801208496
-0.75141835212708
0.78840732574463
1.20462906360626
1.35724747180939
-0.87186789512634
0.61509460210800
-1.09567308425903
-0.03382839262486
0.36303159594536
0.71289962530136
0.70145130157471
1.31370842456818
-0.82295078039169
0.36713576316833
-1.72395336627960
-0.31681320071220
-0.86143636703491
0.53164005279541
-0.77803921699524
-0.87328368425369
-0.22240670025349
-0.66376811265945
0.62120532989502
0.73517519235611
-1.14635860919952
-0.76774686574936
0.56186044216156
-0.55433762073517
1.06402099132538
0.75967782735825
0.41712069511414
0.62055420875549
0.12902492284775
-0.86709487438202
-1.11911261081696
-0.59604984521866
0.13677990436554
-0.50471997261047
0.45752933621407
-1.75809895992279
-0.08591187000275
0.20696973800659
0.56846690177917
-0.80777716636658
0.45897808670998
-0.24820639193058
-0.03583718463778
1.05989289283752
0.37135362625122
1.20830619335175
0.04404734447598
1.34001088142395
-0.14899234473705
-0.27997663617134
-0.12222030013800
-0.05257044360042
0.19539020955563
-0.03393306955695
-1.19862055778503
-0.56686937808990
0.06335070729256
0.00624206429347
0.13135656714439
0.24374851584435
-0.42233330011368
-0.31747063994408
-0.68432223796844
-0.36655470728874
0.05385179445148
-0.74165391921997
1.02589392662048
-0.83132898807526
-0.36602079868317
-0.20125210285187
-0.89123606681824
0.52968525886536
-0.51794713735580
1.40214860439301
-1.70024085044861
1.06967651844025
0.01162464823574
-1.65575683116913
0.94229346513748
-0.68968302011490
1.48741388320923
-0.18967352807522
0.23598618805408
0.70025390386581
-0.02268919348717
-0.60269391536713
-0.81444162130356
1.00792920589447
-0.75140005350113
-0.51955080032349
-0.41766804456711
-2.27032876014709
-0.91320097446442
-1.52689146995544
-0.65585446357727
0.55238169431686
0.25608614087105
0.66812551021576
-1.99437415599823
-0.91782021522522
-0.10434573888779
0.64610385894775
0.55871969461441
-2.02998471260071
-2.11339306831360
-2.26093864440918
0.28830397129059
-1.50006449222565
-1.02926039695740
-0.37952899932861
0.59492754936218
-0.64408951997757
0.40715241432190
-1.08221614360809
0.45207303762436
-0.00851245876402
0.48490452766418
0.65782356262207
0.47067862749100
-1.12824869155884
1.03468596935272
0.09159840643406
0.42721635103226
0.67165195941925
-0.30080476403236
-0.62545657157898
-0.38083848357201
-0.83188247680664
0.27432253956795
0.08772759139538
0.52162957191467
0.39481166005135
-0.96461462974548
-0.04740544036031
-2.12344384193420
1.57984185218811
-1.41245877742767
1.83692789077759
-1.60094106197357
-0.43774992227554
0.43860882520676
0.66178917884827
0.27103450894356
-1.06739294528961
-1.74502992630005
0.68100732564926
-0.55936616659164
-0.10825342684984
-0.89107513427734
-1.23415589332581
0.02175374701619
0.65801513195038
0.75047039985657
0.43322435021400
0.74987816810608
0.58285331726074
-0.76994818449020
-0.00143700477201
-0.67067450284958
-1.45242083072662
-1.94309675693512
0.44779285788536
-0.69198048114777
0.06311029195786
-0.99718123674393
-0.84375083446503
0.00460036192089
0.80829906463623
1.04006266593933
-0.88304883241653
0.68113309144974
-0.31987747550011
-0.83714395761490
0.42999675869942
-2.96851515769958
-0.61605030298233
-2.06813335418701
-0.27232554554939
-0.94992280006409
-0.24975956976414
-0.22259469330311
1.06503570079803
0.72749900817871
-4.64507818222046
-1.48356521129608
-0.95226424932480
0.24309961497784
0.49578550457954
-0.61565923690796
0.92110884189606
-1.15464794635773
0.41065594553947
-2.02229857444763
-0.95457881689072
-0.18055287003517
0.55432444810867
-0.51667636632919
-1.96209037303925
1.28452944755554
0.10034270584583
-0.48084142804146
1.20254492759705
-1.29302275180817
-0.03319693356752
0.79724723100662
1.04624950885773
0.30557483434677
-0.39316278696060
-1.34395599365234
-0.25490215420723
-1.69159185886383
0.09481895714998
0.28783914446831
-0.30008128285408
-1.53842914104462
1.21342229843140
-1.78222429752350
1.09903025627136
-0.44425228238106
0.14023594558239
-0.42313319444656
0.49590149521828
0.59512197971344
-0.80572599172592
0.92166602611542
0.59608215093613
0.92340701818466
-1.18303728103638
-0.06905442476273
0.01956174708903
0.30939209461212
0.22463025152683
0.01848213933408
-0.81821268796921
-1.15819573402405
0.13939541578293
0.39230188727379
-1.69536185264587
0.41670230031013
0.34045585989952
0.25708135962486
0.45583105087280
-1.92634057998657
-1.40500104427338
-0.84980165958405
-1.60207402706146
-1.40678274631500
-2.04634761810303
0.08494275808334
-0.37901079654694
-0.24140465259552
-3.14498972892761
0.57266253232956
0.24025107920170
0.72745245695114
0.54396533966064
-0.76205486059189
0.44002744555473
-0.74574714899063
-1.11419737339020
0.13564285635948
-0.24378256499767
0.53844243288040
0.39576965570450
-0.09073009341955
0.21134854853153
0.58254611492157
-2.43907356262207
-1.59531688690186
0.71342003345490
-0.37909001111984
-0.38616204261780
0.68083047866821
0.09424162656069
0.63162308931351
-0.88477009534836
0.50544530153275
-2.32992768287659
-0.60375118255615
0.25995329022408
-0.80912196636200
0.36424735188484
-0.10072051733732
0.00743981869891
0.58735823631287
-0.59773486852646
0.81921899318695
-1.81703388690948
-2.39806818962097
0.31524461507797
0.32559368014336
0.96410959959030
-0.83615171909332
1.10172700881958
-1.05431663990021
-0.03290089964867
-0.41934284567833
-0.15199729800224
-0.51034098863602
-0.05432618036866
-1.43425023555756
-2.27012419700623
-3.00437450408936
0.06035188958049
0.44341549277306
-1.73360657691956
-0.32830676436424
-2.22545266151428
-0.51714980602264
0.63869386911392
0.52612620592117
-1.30584442615509
0.93201321363449
-1.10509324073792
-2.19443345069885
-0.15068928897381
0.65313142538071
-2.03209614753723
0.40980854630470
-0.59096169471741
-0.71162134408951
-0.65615200996399
0.06594485044479
-0.24593745172024
-0.79370772838593
-0.83290666341782
-0.22074081003666
-0.07150966674089
-0.06735558062792
-1.03656804561615
-0.02858257666230
-0.34687027335167
0.35055193305016
0.17539167404175
-0.44793555140495
-0.35467761754990
-0.59699767827988
-1.11128997802734
0.35032773017883
-0.16004016995430
-1.93663585186005
-2.07541298866272
-1.12857961654663
0.26345723867416
-0.42229533195496
-1.22429263591766
0.19540318846703
-0.45328995585442
0.28532388806343
0.18976451456547
0.31998333334923
0.42717409133911
-0.11778730154037
-1.58270537853241
0.16035203635693
-0.08593015372753
-0.35306382179260
-1.27034044265747
0.32091155648232
-0.41790702939034
-0.23273941874504
-0.46784225106239
-0.68696540594101
0.39797189831734
-1.93016874790192
0.63598918914795
-0.40042307972908
-0.65884673595428
1.18220174312592
0.39965820312500
-0.47302439808846
-0.18069018423557
-0.63948369026184
0.52168387174606
1.04157125949860
2.28381657600403
-2.33304715156555
0.52814954519272
-0.51446419954300
0.82718002796173
-0.63467717170715
0.19849388301373
0.21548950672150
-0.37005499005318
0.79752916097641
0.37757831811905
-0.18294505774975
-0.31715363264084
1.65730714797974
0.23414698243141
-0.16515277326107
0.14312322437763
-5.60700988769531
0.14614087343216
0.09883075207472
-0.10059970617294
0.65515726804733
-0.09121952205896
-0.55678933858871
-0.68650370836258
-0.07566142827272
0.07081772387028
0.93867731094360
-0.11977273970842
