-0.01341853104532
-0.30493691563606
-0.60836249589920
0.00851983483881
0.28278869390488
1.00262391567230
-0.52935534715652
1.92227554321289
1.57944822311401
-0.78103095293045
0.93598628044128
-0.83269315958023
0.01498827338219
-0.12685920298100
-0.42698881030083
-0.46395206451416
-1.26963317394257
0.34603610634804
-1.18513667583466
-0.03779573366046
-0.50397318601608
-0.75260579586029
0.64800465106964
0.66454672813416
-0.62311136722565
1.09928905963898
0.77219295501709
-0.26888963580132
0.05255046486855
-0.09583000093699
-0.34787753224373
1.25027322769165
-0.45454719662666
-0.81419259309769
-0.64545077085495
-0.02322473563254
0.27209153771400
0.22216720879078
0.35086366534233
0.55211466550827
-0.88073563575745
-1.16271400451660
-2.76207423210144
-1.25219953060150
-1.15464150905609
-0.59825754165649
0.93968504667282
2.36297392845154
1.09579491615295
-0.32509276270866
-0.24786414206028
0.12347985804081
-0.73459434509277
-1.99622273445129
0.59436088800430
0.13066402077675
0.10866855829954
-0.46528688073158
0.56165868043900
0.19012826681137
-0.21098880469799
0.98081821203232
0.13967731595039
-1.28759074211121
1.07515203952789
-0.28795418143272
-0.15035796165466
0.49491560459137
-0.35536119341850
-1.95655274391174
1.08483660221100
1.04673945903778
-0.21545998752117
0.57511711120605
-0.97980469465256
-0.36521214246750
-0.36620458960533
1.05920946598053
0.73843806982040
-1.38851463794708
-1.11857104301453
-0.44452598690987
0.62642103433609
-0.12865304946899
-0.92653828859329
-1.82301139831543
-0.89645701646805
1.85292720794678
-1.18933129310608
1.20849955081940
0.39948424696922
-0.00290339975618
-0.01315862219781
-0.11103138327599
1.30588293075562
0.92098623514175
0.91566908359528
-0.80156254768372
-0.95908486843109
-0.67141413688660
-0.00741754984483
0.93168604373932
0.83374893665314
-0.33925372362137
-2.13423061370850
0.32304725050926
-0.88235980272293
0.28034880757332
0.31120276451111
0.33139944076538
0.24346400797367
1.57939684391022
1.08612418174744
0.98594969511032
0.86389708518982
0.14975644648075
0.02609966322780
-0.82327008247375
-0.69033020734787
-0.11241728812456
-0.62649446725845
1.67242968082428
0.68458205461502
0.52848029136658
0.46652570366859
-0.30510503053665
-1.15080642700195
-0.30688035488129
1.14173030853271
1.08484458923340
0.01774013787508
-0.31645688414574
-0.91442906856537
0.50345271825790
1.06608736515045
1.71283638477325
0.86788922548294
0.22173599898815
0.22846992313862
-0.29556590318680
-0.66182363033295
-0.26472756266594
0.81137233972549
0.68382257223129
0.43461897969246
-0.07063206285238
-0.63534480333328
0.36325097084045
0.32030346989632
0.16310389339924
0.76880270242691
1.64402759075165
-0.37863117456436
1.03301799297333
-0.02005430124700
-0.26098626852036
-0.34927421808243
-0.81469231843948
1.63411533832550
-1.59118795394897
-1.19299793243408
0.84412562847137
-0.19873760640621
0.41836139559746
0.10092360526323
0.94170731306076
-1.84934484958649
0.56684505939484
-1.35601556301117
-0.88506108522415
-0.26195186376572
0.48955923318863
-0.19068999588490
-1.65844893455505
1.68981182575226
0.13141410052776
-0.04843119159341
-0.12957838177681
-1.09345006942749
-0.83503061532974
-1.26833605766296
0.16867963969707
-0.67767363786697
-0.58706897497177
1.23528456687927
0.98687690496445
-0.16942927241325
0.12690691649914
0.32711589336395
0.67069679498672
0.57884597778320
0.68032437562943
0.22489731013775
-0.17228272557259
-0.38653150200844
0.10625682026148
-3.01147460937500
1.78753745555878
0.14215059578419
0.53774487972260
0.84205269813538
0.17912948131561
-0.83236432075500
-0.60463583469391
0.16925317049026
0.39034578204155
0.54559993743896
0.43921718001366
-0.05193960294127
-0.07110320031643
0.49877536296844
-0.66306167840958
-0.06263596564531
-2.19885540008545
-2.73574376106262
1.44974434375763
0.56051510572433
0.05079295486212
0.43878105282784
0.47523888945580
-0.50468784570694
0.56812745332718
-1.23131740093231
0.56137663125992
-0.10966793447733
-0.39342737197876
0.12712492048740
-0.38779839873314
0.37325453758240
0.71996724605560
-0.55619913339615
0.05738348886371
1.93483746051788
0.47638773918152
-0.99014621973038
0.61258137226105
-0.28265124559402
-1.91765809059143
-1.40291929244995
-1.14624178409576
-0.91680127382278
-0.58170104026794
0.70574754476547
-0.04711295291781
-0.54870313405991
-0.54533827304840
1.99524021148682
-0.58357816934586
-0.32309597730637
0.58612465858459
0.54227548837662
-0.23889972269535
0.44074824452400
-2.01413655281067
0.28728824853897
0.64063125848770
-0.18095660209656
-0.15625594556332
-0.38858127593994
-0.18038760125637
-0.34180301427841
0.05263887718320
-0.12854275107384
0.02193467691541
-0.61608928442001
-0.28301066160202
0.13339890539646
-0.49041059613228
-0.35179737210274
-0.52614730596542
-0.20629017055035
-0.22356954216957
-0.09734827280045
0.04775087907910
5.62792491912842
-0.10578400641680
-1.67580199241638
1.08400714397430
1.28900194168091
-1.05672991275787
-1.93120980262756
0.09416304528713
-1.43922424316406
1.03220832347870
-1.06751763820648
-1.55436074733734
1.64403641223907
-0.71160691976547
-1.88267755508423
0.88554471731186
-0.45393711328506
-1.56697750091553
-2.54920649528503
0.32450178265572
0.22310858964920
-0.32987666130066
0.17294982075691
0.68831264972687
-1.36747026443481
-1.70951557159424
-0.43274575471878
-0.90582668781281
-0.71846050024033
-0.78732538223267
0.63262867927551
-0.47611764073372
0.57127135992050
-2.18959784507751
0.27415457367897
-1.34981954097748
0.44323053956032
0.26565134525299
-1.17363715171814
0.60457611083984
0.15787319839001
-1.57454967498779
-0.29749044775963
-0.81265443563461
0.92270809412003
-0.33519917726517
0.38428503274918
-0.18028599023819
2.78756713867188
-1.33129167556763
-0.27146691083908
1.26144683361053
0.20946522057056
-0.99351656436920
-0.03286150097847
0.31261086463928
0.55614495277405
0.42061191797256
-1.51139867305756
-0.29757553339005
-2.27181577682495
-0.01194655615836
0.46381279826164
-0.35237807035446
2.60030150413513
-1.00596177577972
-2.23754215240479
0.22185418009758
1.05755472183228
-0.36109146475792
-1.36542892456055
-2.27140212059021
0.82892006635666
0.42917060852051
0.57699137926102
-0.85306543111801
1.84893906116486
-1.52689802646637
-0.89561563730240
0.94556540250778
3.54470372200012
-0.58888500928879
1.25515627861023
0.25207120180130
0.37911251187325
-1.14123344421387
-0.10324538499117
-1.91487371921539
0.09629902988672
-1.25193703174591
0.03593919798732
-0.24178707599640
-0.92136001586914
0.43923786282539
-0.51353573799133
-0.42249581217766
4.54655599594116
-0.14892862737179
1.56190371513367
-1.54847311973572
0.47111499309540
-1.89447402954102
-1.01733672618866
-0.70186841487885
-0.38588592410088
-0.36374706029892
1.32317209243774
-0.17242142558098
0.91349494457245
-0.31217244267464
-1.40042424201965
0.16963163018227
1.18742477893829
0.66697227954865
-0.03893334791064
0.98758476972580
0.11952249705791
-0.96524268388748
0.39914894104004
0.08084323257208
0.51929920911789
-0.53186380863190
0.50096178054810
-0.59685271978378
-2.97515583038330
-0.70623320341110
-1.50597381591797
0.39327406883240
-0.89530253410339
-0.56115716695786
0.37600573897362
0.92103904485703
-1.35125410556793
-0.55164247751236
-0.77987045049667
-1.15854227542877
0.26374450325966
0.05909135937691
-0.00590631226078
0.30608698725700
0.95620369911194
-1.30973672866821
-0.71135550737381
-2.01427912712097
-1.31911015510559
0.21096415817738
-0.67131739854813
-0.78257620334625
-0.32907345890999
0.50615751743317
-0.00921920128167
-1.20522689819336
-1.75912272930145
0.61081218719482
-0.65098971128464
-1.85783660411835
0.35490667819977
0.23865872621536
0.15126898884773
0.10103426873684
-0.28168627619743
0.27020564675331
-0.93380838632584
0.26591685414314
-0.38016608357430
0.17653335630894
-1.20070862770081
-0.00874067191035
-1.03538131713867
-0.50361126661301
-1.43111312389374
-0.01500745117664
0.14777559041977
0.91573226451874
-0.20680028200150
0.68612641096115
-0.03094302304089
-0.38887906074524
0.11266465485096
-0.21987792849541
-0.84595954418182
-0.12113707512617
0.93203955888748
1.13936340808868
-0.49295276403427
0.07036487013102
0.51310074329376
-0.03500754386187
0.56405240297318
-0.06857551634312
0.35953149199486
0.45540517568588
0.15394011139870
-0.21057648956776
0.33269980549812
-0.20695586502552
0.76189821958542
-0.01487858593464
1.04300653934479
0.31428152322769
1.53301537036896
-0.26453945040703
0.03697727993131
-0.63834041357040
-1.31328737735748
-1.33812487125397
-1.40501224994659
0.90038031339645
-0.23556610941887
-0.92615431547165
-0.64900630712509
0.44212138652802
-1.48160886764526
0.38725444674492
0.74895411729813
0.25546512007713
0.45007750391960
-2.08276128768921
-1.84591317176819
-0.57315504550934
-0.36178249120712
-0.08394431322813
0.88628989458084
-1.46903920173645
1.97300159931183
-0.01196823921055
0.08748542517424
1.15837371349335
1.12126803398132
-0.03814502805471
-1.78040134906769
-0.03930162638426
-1.84582984447479
0.06163458526134
-0.46786171197891
-0.04325623437762
-0.46833127737045
-1.30841839313507
-0.32448306679726
0.39590778946877
-0.15258909761906
-0.19523033499718
-1.78656744956970
1.12311112880707
0.38404071331024
-0.20995725691319
-1.00790154933929
-0.36359792947769
1.25303876399994
0.39775982499123
0.25283685326576
0.02459596656263
1.77699410915375
-2.06573152542114
-0.10519880056381
0.09026167541742
0.26569348573685
-0.49652484059334
-0.30751124024391
-0.16540780663490
0.22907915711403
0.24060453474522
-0.75380146503448
-0.32046470046043
-0.01879709027708
-1.26412665843964
-0.89973694086075
-0.26271629333496
-0.72735595703125
-0.46133092045784
-2.00999259948730
0.31837299466133
-0.16852630674839
-0.41009926795959
-1.26742005348206
-0.72165530920029
-2.15517640113831
-0.23768219351768
0.23180224001408
0.27882665395737
0.10012745112181
-0.17582163214684
-0.21865695714951
0.13064906001091
0.23837116360664
-0.11318280547857
0.13872800767422
0.07548538595438
0.91755229234695
-0.22805289924145
0.75712722539902
0.15918356180191
-3.08737635612488
-1.01923930644989
-2.94120621681213
-1.00484633445740
-1.96208965778351
-0.16740514338017
-0.15777061879635
-0.80119001865387
1.33471512794495
0.40117788314819
-1.29032504558563
-1.08379805088043
-0.62583690881729
-1.50867283344269
0.00379277346656
-0.80151623487473
0.49161314964294
-0.10879231244326
-0.65067768096924
0.24952393770218
0.52116233110428
0.44236251711845
1.09284973144531
-0.91817581653595
-0.88176077604294
0.74770128726959
-0.81136029958725
-0.21782310307026
1.72623407840729
-0.76490151882172
0.32362478971481
0.20447380840778
0.57193380594254
0.47863128781319
0.16218522191048
-0.58860421180725
-0.80371868610382
-0.02375131286681
0.91229414939880
0.48898053169250
0.15610665082932
-1.10146546363831
-1.30710685253143
0.38018593192101
-0.14675512909889
0.78934484720230
0.14749591052532
-0.11048511415720
0.41906726360321
-0.40394866466522
-0.02271229960024
0.98240792751312
0.98618346452713
1.27361476421356
-0.22528761625290
-0.79171031713486
0.45545560121536
-1.07321906089783
0.01107295881957
-0.13640291988850
-0.00986809842288
0.23058885335922
0.01904495246708
0.01045911014080
-0.25754773616791
-0.46102222800255
0.64437311887741
-0.01411128137261
-1.06285631656647
0.34524840116501
-0.26528838276863
0.77803385257721
-1.04473507404327
0.24976779520512
-0.33181434869766
0.10517030954361
-0.96812522411346
-0.86764037609100
2.24954605102539
0.03073001094162
-1.30641305446625
0.00736417155713
-0.17877347767353
-0.14205919206142
1.34257292747498
0.35425043106079
0.63610875606537
-1.81779313087463
-0.62187647819519
0.52988183498383
-0.47808897495270
1.26108527183533
-2.26291084289551
0.55407404899597
1.56537735462189
-0.13320018351078
0.25883570313454
-0.15762987732887
-0.05405297130346
0.99990171194077
0.35359975695610
0.26972270011902
-3.16240453720093
-0.72888630628586
-0.96836477518082
-0.28068292140961
0.63683360815048
1.65707004070282
-0.44389784336090
-0.44631367921829
0.11528340727091
0.57614594697952
0.36876919865608
0.29636242985725
0.30015736818314
-1.72372472286224
-0.31627377867699
0.15277263522148
-0.17680008709431
0.79782539606094
0.50271999835968
1.10554814338684
0.97604203224182
-1.74230670928955
0.18026746809483
-0.70223772525787
0.04274081066251
0.00778634520248
1.11680483818054
1.29135489463806
-0.25190699100494
0.02051717229187
-0.75985503196716
-0.01891127042472
-1.39740943908691
-1.61147379875183
-0.39592596888542
0.99288737773895
-0.36237514019012
-0.22788120806217
0.75702106952667
-0.70583987236023
-0.48584333062172
1.23126339912415
-0.76344901323318
0.32219466567039
0.07027619332075
-0.09397001564503
0.60531532764435
-1.41915977001190
-1.38831710815430
0.16564613580704
-0.29090207815170
0.47096586227417
0.12383311986923
0.06416413187981
-0.05131833255291
-0.28627470135689
1.30545246601105
-0.96573102474213
0.39782002568245
0.70249509811401
-0.17901897430420
-1.67905509471893
-1.19771826267242
-2.37766671180725
0.11085028946400
0.84522628784180
-0.14349487423897
2.80461192131042
-2.48274564743042
-0.14936877787113
0.18060316145420
-0.52191281318665
0.38245674967766
-0.64918571710587
1.51247215270996
-2.04912066459656
0.39951419830322
1.29393959045410
0.13151928782463
-0.19440622627735
0.33736774325371
0.45529094338417
-2.53175950050354
-2.22397422790527
-1.32427036762238
-0.59522730112076
-0.18169930577278
-0.37328103184700
0.26838126778603
0.36829516291618
-0.98860770463943
0.33977016806602
0.04936685785651
-1.59563648700714
-0.41342866420746
0.79483526945114
-0.51749247312546
-0.77192354202271
0.98330873250961
-0.73756694793701
0.92436468601227
-1.29116725921631
0.80901455879211
-1.22888600826263
0.61660510301590
-0.92021703720093
0.54505038261414
0.87805229425430
-1.15392291545868
0.54285210371017
-1.05393862724304
0.31103518605232
-0.79740208387375
0.34702959656715
-1.17663514614105
0.90705305337906
-0.07655787467957
0.03078725002706
-0.30782052874565
0.03697480633855
-0.44008046388626
-0.37107425928116
-0.19066867232323
-0.09614323079586
-0.18813613057137
-0.03668248653412
-0.34020268917084
-0.35054445266724
-0.31627866625786
-0.14629325270653
-0.01794677600265
-0.29976737499237
0.19041982293129
-2.51350593566895
0.10767939686775
-1.92496335506439
-0.20508562028408
-0.57290184497833
0.52089059352875
-3.17389416694641
0.63797879219055
-0.22252582013607
-0.45856639742851
-0.83030968904495
-0.66526263952255
-0.36240956187248
-1.74186944961548
0.08176483958960
0.85520148277283
-0.28590726852417
0.61580628156662
-2.10564494132996
0.69775789976120
-0.21343292295933
-2.29856157302856
1.38625884056091
0.85719192028046
-0.39725008606911
0.59982872009277
-0.24768483638763
-0.58577501773834
0.34839805960655
-0.48889952898026
-0.98987787961960
1.20074415206909
-2.04920578002930
-1.15962290763855
-1.74843776226044
0.46273624897003
0.19976231455803
-1.34548151493073
0.11765572428703
-0.74141496419907
-0.83805167675018
0.24664340913296
0.51832771301270
-1.33329224586487
1.24707949161530
0.32571133971214
-0.59473186731339
1.01089930534363
0.97311288118362
-0.18436439335346
-0.41393607854843
-0.44323948025703
-1.64124071598053
0.67584359645844
-1.17179131507874
0.84283471107483
-0.67121887207031
-0.71775782108307
-0.16194589436054
0.69172430038452
1.47679078578949
-0.08716723322868
0.30167010426521
-0.34954512119293
-0.00045496114762
-0.62176614999771
0.18298764526844
-0.42848262190819
0.78898692131042
-1.43402731418610
-1.80712080001831
-0.80409491062164
-0.95503711700439
-1.61381483078003
-0.32459867000580
-0.97234570980072
0.22598995268345
0.14079068601131
-0.94603794813156
-1.18942666053772
-0.70114237070084
0.01250744611025
-1.13306021690369
0.19976001977921
0.17138227820396
0.69108080863953
-0.47235742211342
1.16540563106537
0.10662197321653
-1.78661489486694
-2.21381688117981
0.41454032063484
-0.71989589929581
-0.81277173757553
0.66829097270966
0.00223769037984
0.54373848438263
0.20453213155270
-1.62801063060760
0.59066718816757
0.60747730731964
-2.46261882781982
-1.52766656875610
0.26052919030190
-1.15671968460083
0.63455098867416
-0.42747047543526
-0.63754189014435
-0.62254416942596
-0.28679117560387
-0.10186848789454
-0.60971784591675
0.60136038064957
-0.83687770366669
-0.76957589387894
-0.06831116229296
0.11625818163157
-0.32611164450645
0.36286917328835
0.51234465837479
0.54446184635162
-0.77887165546417
-1.45470714569092
0.39350655674934
0.52275317907333
0.09561868757010
0.82078981399536
0.68452250957489
0.10497274249792
-0.79897797107697
0.59689855575562
0.32470560073853
0.31932777166367
0.12853944301605
0.85207974910736
0.74595898389816
-0.41038855910301
-1.55045986175537
0.96294569969177
0.48719716072083
0.66080731153488
-2.59787273406982
0.28248938918114
-0.01715618558228
-0.04848885908723
-1.24699485301971
-0.26878458261490
0.35568854212761
0.17028824985027
-0.63242262601852
0.04360956326127
0.80313652753830
0.00187530519906
0.62134188413620
0.31573709845543
0.07454917579889
0.66740858554840
0.21545898914337
-0.89243215322495
0.65033769607544
0.20610484480858
-1.29912531375885
-3.08952188491821
-0.81561958789825
-2.84003400802612
0.36520782113075
0.15317648649216
-0.62421220541000
-1.19451642036438
0.39286053180695
0.33362850546837
0.49943608045578
-2.05011153221130
-0.13128983974457
-0.82777190208435
0.10265909880400
0.16637615859509
0.16483984887600
-0.44846740365028
-0.72215408086777
-1.94198131561279
0.66327083110809
0.57900285720825
0.30793756246567
0.35101369023323
-0.32015606760979
0.13429766893387
0.66403567790985
1.27802348136902
-2.02342557907104
1.12610268592834
1.07865250110626
-1.92276763916016
0.08669026941061
0.37061026692390
-0.46002605557442
0.42857640981674
-0.17987030744553
-3.70161795616150
-2.85023832321167
0.56684386730194
-0.33293080329895
0.13703940808773
-0.34686973690987
-0.06380913406610
-0.81948590278625
-1.50916242599487
-1.96880793571472
0.16786597669125
0.01563685201108
-0.11651560664177
-0.43952587246895
0.17577776312828
-0.60807275772095
-0.12829950451851
-0.06114440783858
-0.62833589315414
0.09194623678923
0.20310972630978
-0.33748883008957
-0.19986870884895
-0.22104850411415
-0.73841637372971
0.08814357221127
0.38955083489418
-1.80471253395081
0.16324169933796
0.81640338897705
0.65117591619492
0.15923550724983
0.16107654571533
0.46623787283897
-0.65269964933395
-0.16466005146503
0.78090810775757
-0.11907830834389
0.82494205236435
-0.14206886291504
-0.26345181465149
0.75707095861435
0.51994949579239
-1.63503468036652
-0.52947986125946
-1.28038597106934
-0.70808172225952
-1.53932702541351
0.11132276058197
0.14180330932140
0.60494971275330
-2.07038402557373
-1.09422802925110
-2.29488849639893
0.69200628995895
1.02468752861023
-2.43737173080444
0.12373995035887
-0.77805441617966
-0.60324585437775
-0.40204006433487
-0.70837831497192
-0.72686958312988
0.48315501213074
0.53977167606354
0.77697604894638
-0.00889726448804
0.30509111285210
0.56875580549240
0.39963001012802
0.61243444681168
-0.38967266678810
0.44020080566406
0.55512160062790
1.98435628414154
1.12823283672333
1.48230075836182
1.46486318111420
0.77418369054794
-0.71862137317657
-0.45814073085785
-0.70915597677231
-0.52243101596832
-0.26651361584663
-0.90882426500320
-1.24094247817993
0.56416243314743
0.00987944379449
-0.51448148488998
-0.82855820655823
-0.86457622051239
-1.55387353897095
-0.43044057488441
-0.22096151113510
0.09913819283247
1.23259079456329
-0.85154879093170
-1.09154248237610
-2.77930545806885
-2.87661910057068
-0.65156275033951
0.40970617532730
1.36765205860138
0.84662747383118
-2.07283067703247
-0.41207629442215
-0.61455744504929
-2.78841853141785
0.70408111810684
-1.79230523109436
0.86654621362686
-1.24841189384460
0.09342218935490
0.61631184816360
-0.60132998228073
1.55000817775726
0.81221175193787
-0.97655427455902
0.73056340217590
-2.79825782775879
-0.08687243610620
0.53694957494736
0.22309885919094
0.02200518175960
0.27012681961060
0.41846784949303
-0.01721339859068
0.66683840751648
0.38011458516121
0.45293301343918
0.50338298082352
-0.41466367244720
1.75082063674927
-0.36247634887695
-0.65502226352692
-0.03145732730627
-0.31792217493057
-3.02556657791138
-1.61456036567688
0.55792951583862
1.10010349750519
-1.12789809703827
-1.34783589839935
-0.26827821135521
-1.65424346923828
-0.44259637594223
0.21699304878712
-0.45011222362518
-2.54418325424194
1.61479961872101
-0.37035387754440
0.32266423106194
0.28350439667702
-0.68352192640305
-1.04221141338348
-2.09811425209045
1.62583267688751
0.05852103233337
-0.28927299380302
0.04722878709435
-0.30524957180023
-0.93225097656250
-0.61762464046478
-1.49523270130157
0.80648523569107
0.48468959331512
-0.41058540344238
-2.07526564598083
0.48088124394417
-3.19656658172607
-1.27858626842499
0.10577158629894
-0.33781382441521
0.24804061651230
1.85264778137207
-2.16573095321655
-2.13114976882935
-0.11570316553116
0.88383299112320
-0.53159397840500
1.04073870182037
-0.74926960468292
0.58832108974457
-0.88570380210876
0.57511430978775
0.24912571907043
-1.26261413097382
0.62778574228287
-0.73207402229309
-0.42830273509026
-0.60588204860687
0.61628001928329
0.95129293203354
0.45556956529617
0.64033073186874
0.14207945764065
-0.80678623914719
-0.28508630394936
0.76675468683243
0.42477005720139
-0.72998899221420
1.21979284286499
0.32167100906372
-0.19531556963921
-0.63563036918640
0.31752464175224
-0.02603799849749
-0.23713158071041
-0.87231808900833
-0.76038503646851
1.01300013065338
0.89057964086533
1.28130412101746
-0.81531167030334
-0.80848503112793
-1.57201278209686
0.74240499734879
-2.11481261253357
-0.13566267490387
0.20441231131554
-0.65236771106720
-0.75967401266098
0.51113909482956
-0.89561873674393
-0.21636340022087
-0.72672879695892
-0.18522183597088
0.62358307838440
-1.89028167724609
2.03238534927368
-1.76702487468719
-0.97976803779602
-1.03760051727295
-1.88033795356750
-0.70666825771332
0.94958162307739
-0.11313423514366
0.28787520527840
-0.41251730918884
0.14901056885719
0.49018698930740
1.00752246379852
-0.74811196327209
0.18615804612637
0.37544846534729
-0.79638445377350
1.50559604167938
1.13100910186768
1.14285194873810
0.15519401431084
-0.12684713304043
0.55700004100800
-1.63970506191254
0.41061574220657
0.68289840221405
0.38526484370232
-0.30434474349022
-1.10575807094574
-2.38229465484619
1.31874775886536
0.02637131884694
-0.36481875181198
-0.05063604936004
-1.94618391990662
0.14776334166527
0.64469629526138
0.41333192586899
-0.37325328588486
-2.83167362213135
-1.57327532768250
1.00385153293610
-1.03844892978668
2.09044384956360
-0.28939837217331
0.25759878754616
0.64997249841690
-0.71804255247116
-2.99444651603699
0.33231693506241
1.22747600078583
0.19454991817474
0.60825586318970
0.02107129991055
0.00951904803514
-0.18287870287895
-0.76654177904129
-0.52115947008133
-0.26822161674500
0.27479463815689
-0.01902013830841
-0.06911398470402
0.32059934735298
0.33219715952873
-0.24123924970627
0.04367371276021
-0.18668170273304
0.20845177769661
0.38542833924294
-0.22151724994183
0.83905255794525
0.38676264882088
-0.88370877504349
-0.38093718886375
0.53832894563675
0.65357959270477
0.45771902799606
-0.18561075627804
0.51871144771576
-0.82023024559021
1.23019218444824
0.00407184381038
-1.59614384174347
-1.61754226684570
-0.60866546630859
-0.86741185188293
0.23091901838779
0.09859227389097
0.39869406819344
0.23233932256699
-0.37144628167152
-0.05173244699836
-0.18874429166317
0.10288345068693
0.07327516376972
-0.28829628229141
0.41237142682076
-0.44083094596863
-0.32567897439003
0.19854243099689
-0.52607911825180
-0.28295028209686
-0.87997710704803
0.97140067815781
0.84162575006485
-1.40899240970612
0.72753834724426
-1.74127054214478
-0.75303685665131
0.05479225888848
0.72990447282791
-0.67413061857224
-0.54438447952271
1.86635756492615
0.67410081624985
-0.00041146069998
2.16167163848877
-1.43908178806305
0.80491167306900
0.29961651563644
0.17630359530449
0.08921990543604
-0.53755652904510
0.57013565301895
1.04853570461273
0.23391105234623
-0.49731311202049
-1.80935442447662
1.48657596111298
-0.38177436590195
0.19148910045624
-0.11796032637358
0.44638079404831
-0.87151753902435
-1.19384765625000
0.55631452798843
-1.37305092811584
-1.15562081336975
0.13538959622383
-1.29357683658600
-0.10657201707363
-0.07452407479286
-0.39630097150803
-2.35749053955078
0.65833276510239
1.78583276271820
-0.92152285575867
0.30255421996117
-1.00591671466827
-0.02148879691958
-2.00788998603821
-2.77396631240845
0.18656100332737
-0.18028426170349
1.94146454334259
-0.26851326227188
-0.44767281413078
-0.71198081970215
-1.25488078594208
-0.52065807580948
-0.75207698345184
-1.11062979698181
-0.02106149494648
-0.58148914575577
-0.79587191343307
1.14766132831573
1.61559355258942
1.31629157066345
-1.06316447257996
-0.30350688099861
3.53152489662170
-2.06180119514465
2.08890175819397
-2.03924894332886
0.45145472884178
0.41867339611053
0.78075987100601
-2.83956336975098
0.47355833649635
-0.46235615015030
1.80072283744812
-0.75797122716904
-2.52067494392395
0.17494425177574
-1.73577415943146
-0.53839474916458
1.87340319156647
-1.23566722869873
1.20583486557007
-1.33475255966187
-0.61922782659531
0.06475945562124
-2.42549872398376
2.12292027473450
-0.71316045522690
1.63475966453552
0.48246356844902
0.62846165895462
-0.63768428564072
-0.37256520986557
0.59332823753357
-1.56429505348206
1.49626958370209
0.59262377023697
1.49104523658752
-0.99227213859558
0.36458364129066
-1.23474407196045
-0.55978006124496
0.80329495668411
-0.54640239477158
-1.62592530250549
-1.41750085353851
-1.66016209125519
-2.11563396453857
-2.83628273010254
0.71363955736160
-0.27382603287697
-0.12156859785318
0.00090015411843
0.01198508497328
-0.14474652707577
-1.64396452903748
-0.04021066054702
-0.59512799978256
2.60404062271118
0.24844995141029
0.22718989849091
-0.17336586117744
0.43520310521126
0.25648772716522
0.62413567304611
0.68747216463089
-0.18998154997826
0.44545093178749
-1.70600938796997
-0.73758733272552
0.26815488934517
0.74512940645218
-0.20640724897385
-0.12632834911346
0.55847841501236
-1.74329638481140
-0.38830167055130
1.82078063488007
-1.20995295047760
0.71112871170044
-1.40708470344543
-0.03873257711530
-1.42619967460632
0.98394155502319
0.71349936723709
-0.09258432686329
-0.32052704691887
0.62374615669250
-0.54327243566513
1.22602093219757
1.22510528564453
-0.41764253377914
-0.12144788354635
0.52297925949097
0.25409835577011
1.10790181159973
-1.52393269538879
-0.62656134366989
0.53964865207672
0.78111839294434
-1.21410274505615
-1.48141145706177
0.52922171354294
0.36975646018982
-0.83395689725876
1.21211802959442
-0.69216555356979
-0.06630187481642
-0.17645387351513
1.07394134998322
-1.12939250469208
0.69663083553314
-0.38152581453323
-1.53938591480255
-2.45815730094910
-0.73957848548889
0.94214457273483
0.62092316150665
0.11284107714891
0.28233566880226
-0.73102909326553
-0.03464692085981
0.94708395004272
0.10300461947918
-0.59517645835876
-0.63927531242371
-0.09395377337933
0.02364432066679
0.27767100930214
-0.40472865104675
-0.37475141882896
0.42393559217453
0.33629131317139
0.38560721278191
-0.19000914692879
-0.30451443791389
-0.76479542255402
-0.21728512644768
0.48806187510490
-1.70895946025848
0.29873326420784
-1.20778524875641
-0.25364515185356
-0.94169455766678
1.29463899135590
0.64209216833115
-0.52041441202164
-0.69449567794800
0.09963397681713
0.33589598536491
-1.04032015800476
-1.81332969665527
0.57447314262390
0.03092438355088
-0.93986725807190
-0.89814531803131
-0.41545382142067
0.07585613429546
-1.28571033477783
-0.42745357751846
-0.34044700860977
-0.49845105409622
0.31959941983223
-0.56364375352859
0.01327101048082
-0.37347283959389
-0.11242911219597
-0.69459521770477
-0.13038048148155
-0.46238753199577
-0.40667858719826
-0.74146145582199
0.27858412265778
-0.22083231806755
-0.24353505671024
0.19614145159721
0.04006468132138
-1.73821616172791
0.09188258647919
0.50591176748276
-1.51239728927612
-3.31271934509277
-2.88561677932739
0.66903913021088
-0.35478216409683
-0.24097557365894
0.16049171984196
-0.34574481844902
0.12736037373543
-0.01083585154265
0.60997557640076
-0.07296927273273
0.03904050961137
0.01896699145436
0.91700708866119
-1.40816509723663
-0.43997776508331
-0.30218461155891
-0.41475021839142
0.48143935203552
-0.67993086576462
1.28800082206726
0.85290837287903
-2.63394951820374
0.69620406627655
0.12552998960018
0.50952857732773
-0.02636363357306
-0.93133574724197
0.76168143749237
0.30875512957573
0.62501639127731
0.58062624931335
-0.48345246911049
-0.33802270889282
0.11410553008318
0.76522099971771
0.31746983528137
-0.19318939745426
-0.76271730661392
1.00899302959442
-0.89412969350815
0.04634932056069
-2.28414678573608
-0.29689389467239
0.53377187252045
0.32149934768677
0.25803345441818
-0.80812644958496
-0.25512820482254
-0.74488228559494
1.67916977405548
-1.05826997756958
-0.89580887556076
0.76023685932159
-0.94818341732025
0.18018224835396
-1.38924300670624
1.04448306560516
-0.60928189754486
-0.52137726545334
-1.16757059097290
-0.35130581259727
1.31219220161438
-0.26532760262489
-0.38487240672112
-1.65200161933899
-0.28793412446976
0.28111511468887
0.37590906023979
-1.96539175510406
-0.41618886590004
-1.45669424533844
0.27875095605850
-0.68215227127075
1.01441597938538
0.47982275485992
-1.71583092212677
-0.81468331813812
-0.16210815310478
0.50552034378052
0.69342064857483
0.60873752832413
0.08351863920689
-1.26442432403564
0.91420781612396
-1.46144497394562
0.90832358598709
1.07024347782135
0.14988602697849
0.67673468589783
-0.80500942468643
1.05313885211945
-0.76837974786758
-1.66819012165070
0.33073475956917
-0.00745747378096
0.39606946706772
0.79881268739700
-1.72674906253815
-1.80041646957397
0.91206765174866
-2.34747409820557
0.25025725364685
-0.04794490709901
-0.15138982236385
-0.56835579872131
0.74806195497513
0.21461462974548
-0.96625798940659
0.39290821552277
0.20847344398499
-0.53019505739212
0.53479862213135
-1.00441372394562
0.27799132466316
0.09045528620481
-2.56910872459412
0.64087098836899
-0.07426844537258
0.71942842006683
0.35216730833054
1.02553582191467
-1.15778517723083
-0.24238805472851
0.92342704534531
0.01267255563289
1.18574774265289
-0.68525248765945
-1.07311487197876
0.66899257898331
-0.17530052363873
-1.22971904277802
-0.11387985199690
-0.54799371957779
0.21150901913643
0.34047308564186
0.18498864769936
0.25857314467430
0.94497495889664
0.28425827622414
-1.39016914367676
0.12032160162926
-0.06893820315599
0.89919811487198
-1.79551374912262
-0.59784483909607
-0.62999993562698
-0.98220378160477
1.13310587406158
0.88186502456665
-0.90917915105820
-0.93013912439346
0.57863277196884
-0.35982763767242
-0.52029532194138
1.28049623966217
-0.83446389436722
-0.25989836454391
0.33720895648003
-0.39163237810135
0.89949744939804
-0.48537567257881
0.93767052888870
-1.16971123218536
-0.88123136758804
-0.06093947589397
-0.39514520764351
-0.96112531423569
0.90094012022018
-0.81155353784561
-0.55924427509308
-0.51583313941956
-0.74909716844559
-0.73519277572632
-0.07073283940554
-0.03045252338052
0.21845792233944
-0.35858765244484
0.00595974829048
-0.07028455287218
-0.07486223429441
-0.09211847186089
-0.90851664543152
-0.40474915504456
-0.35462960600853
-0.18475276231766
-0.11519563198090
-0.41403433680534
-2.26939201354980
1.81677198410034
-2.66235780715942
-1.72368919849396
-0.76652359962463
1.56489026546478
-0.20016531646252
0.07748053222895
0.92848229408264
0.38737162947655
1.56553494930267
-0.88428527116776
-1.65339481830597
1.36682784557343
0.13816818594933
-0.45798808336258
-1.21227324008942
-0.95733827352524
0.92470794916153
-1.18152630329132
0.09571197628975
-0.97866022586823
-0.95229989290237
1.05375933647156
0.96489650011063
-0.62831026315689
-3.98053979873657
-1.65063822269440
-1.58464360237122
2.06343913078308
-2.24332189559937
-0.65364944934845
-0.02909193374217
-1.60333669185638
-0.69566971063614
1.21577787399292
-0.16911371052265
-1.49818587303162
-0.33847621083260
-1.36405932903290
0.37297740578651
0.21584698557854
2.09854841232300
-2.11611080169678
0.71094924211502
-2.35779595375061
0.95284819602966
-0.01580541953444
1.48747003078461
-0.92864167690277
0.08063939213753
-0.48831063508987
-0.50464701652527
-1.73004460334778
-0.34370201826096
-0.79631656408310
-3.48517155647278
0.52566730976105
2.17184066772461
-0.72893649339676
-0.27358138561249
-0.17581968009472
0.95742344856262
-0.03541337698698
-3.30134224891663
1.62437963485718
-1.51890408992767
-1.08597564697266
-0.68524074554443
-1.29172289371490
-0.04382170364261
2.42681980133057
0.36860156059265
-0.27258574962616
2.37080931663513
1.15764355659485
-1.46491754055023
1.29850876331329
1.10695755481720
0.25654032826424
-0.02327183447778
0.57172077894211
0.13034303486347
-1.08746826648712
0.25065979361534
0.58126592636108
0.58380782604218
-0.16115336120129
0.58303970098495
0.17475199699402
0.64010417461395
0.19726133346558
-0.63107132911682
-0.13391071557999
-0.20145083963871
1.46356737613678
1.34375727176666
-1.23955273628235
0.17927293479443
-0.62919712066650
-0.78611451387405
-0.30604007840157
0.14888568222523
-2.29061412811279
0.03618099913001
0.10158824175596
1.65198826789856
-1.16931343078613
0.89397603273392
-1.26540136337280
0.03084544651210
0.67203843593597
-0.11094348877668
0.20646403729916
-0.39889949560165
-1.56511557102203
0.80921065807343
0.08384666591883
-0.83161056041718
0.77304548025131
-2.30856752395630
-0.52524304389954
-2.03868579864502
0.91452187299728
0.26493170857430
-0.26206195354462
0.69755947589874
0.56353223323822
-0.68171823024750
-0.02697773091495
0.12987315654755
0.17165066301823
-0.08621492981911
0.15214486420155
0.00646129436791
-1.08251118659973
-0.05225979536772
-0.36470469832420
-1.04707491397858
-0.09839275479317
-1.31578552722931
-0.53679192066193
0.15890407562256
0.18553026020527
0.27333629131317
-0.17780841886997
-0.31907358765602
-0.86881470680237
-0.26806798577309
-0.21208451688290
0.16246917843819
-0.48428493738174
0.32688203454018
-0.44861933588982
0.75654512643814
-0.13894681632519
-1.62440299987793
-1.51322782039642
0.78441905975342
0.50287288427353
-0.55618673563004
-1.85988521575928
0.53896462917328
-1.01230812072754
0.51306182146072
1.21550858020782
0.09892495721579
-0.51476842164993
1.04899179935455
-0.71800762414932
-2.04194951057434
-0.04937056824565
-0.50032508373260
0.23405598104000
0.34453767538071
-1.05990850925446
-1.41992044448853
-0.77006798982620
-2.18035888671875
-0.22800272703171
0.09044831991196
-0.58249390125275
-0.06163474172354
-1.96755492687225
-1.51986503601074
-0.68979883193970
0.30545794963837
-0.99811226129532
0.44705477356911
-1.19624006748199
0.19272485375404
0.03886107355356
0.48666566610336
0.95501703023911
0.64609038829803
-0.80065155029297
0.01942749507725
0.48704588413239
1.12215316295624
0.07815819978714
0.70566338300705
0.54258334636688
0.38599097728729
-0.17527958750725
-0.02128555998206
0.34009617567062
-0.11279750615358
0.95914840698242
0.25721052289009
-0.19861720502377
1.42861044406891
-1.63482189178467
0.11020854115486
-0.18281152844429
0.11246644705534
-3.80712127685547
0.05237680301070
-0.55445873737335
-0.11012477427721
-0.97766464948654
-2.05340266227722
0.97435760498047
0.89004033803940
1.15220689773560
0.39071378111839
1.15626513957977
0.62349808216095
-0.66068434715271
0.72666621208191
0.55027467012405
-1.00854802131653
0.71055585145950
-0.33927491307259
0.64508122205734
0.46289646625519
-0.02292757108808
0.25032415986061
0.57871311903000
0.63935315608978
-0.08024942874908
0.08344697207212
0.89434045553207
-2.33496689796448
-1.50447523593903
1.33975124359131
0.74540483951569
0.10550867766142
1.88653576374054
0.31568390130997
1.18666803836823
1.12074220180511
0.42505776882172
-1.54549062252045
0.69895792007446
-2.98073434829712
-1.15432989597321
-0.38936591148376
-0.20641501247883
-0.52547150850296
-1.05220937728882
0.90244019031525
-0.48345765471458
0.06721930950880
-0.37474963068962
0.42545267939568
0.61780464649200
-0.44778850674629
1.06086075305939
-1.14228749275208
0.83538341522217
-1.19578051567078
2.50019216537476
1.99722301959991
0.40276804566383
1.86101353168488
0.72321647405624
-0.70430928468704
1.01732826232910
-0.34972882270813
0.24498113989830
-0.40578475594521
-0.63318103551865
0.53469562530518
-1.12094616889954
-2.61287212371826
-1.67227625846863
0.99116748571396
-1.45626616477966
0.72949206829071
0.89179074764252
0.11392568796873
1.60075116157532
-1.25797557830811
0.37096348404884
-0.17955668270588
-0.78405946493149
0.27316904067993
0.34860736131668
0.62073743343353
-0.14012804627419
0.28949260711670
-0.44759508967400
0.76513552665710
0.25637859106064
-0.34811058640480
1.44692111015320
-2.04680657386780
-0.26661556959152
-0.14495705068111
0.88244813680649
0.46119803190231
-1.54201912879944
0.91211438179016
1.14231073856354
0.36089095473289
0.29818737506866
-0.19330377876759
0.47735443711281
-0.15028561651707
-1.90970456600189
0.40624144673347
0.07174271345139
0.78535383939743
0.60729360580444
-1.76288008689880
-0.69341385364532
1.03322768211365
-2.21794104576111
-0.23428197205067
0.85301727056503
1.10639822483063
-1.69827282428741
-1.36935639381409
0.48946568369865
-0.23437879979610
-1.08498919010162
0.49838215112686
-0.40803629159927
0.22391238808632
0.07793159782887
-1.54130804538727
1.15231108665466
-0.34778442978859
1.42892014980316
0.47402182221413
-0.66701352596283
0.43790999054909
0.88489556312561
-1.59198570251465
0.85882991552353
-0.71838051080704
0.97402417659760
-0.25966423749924
-0.05975483730435
1.37785410881042
-1.84136128425598
-0.35478582978249
-1.28100609779358
0.01339447963983
0.28755250573158
-1.60467267036438
0.23452648520470
0.55357521772385
-0.00722313625738
0.07779677212238
0.80525493621826
0.82931041717529
0.53399753570557
1.74699890613556
1.22562527656555
0.06178505718708
-0.37841531634331
1.09834456443787
0.64549845457077
-1.22700190544128
-1.07814836502075
0.54558575153351
0.16210320591927
-1.87840569019318
0.21612016856670
-0.35378035902977
1.35284817218781
0.42554286122322
-0.48242133855820
-0.48696583509445
-1.30585968494415
0.91000950336456
0.56248545646667
-0.57027280330658
0.80619370937347
0.30777946114540
0.80625331401825
0.61988985538483
-0.23731490969658
1.32909846305847
-1.36707222461700
1.24949002265930
1.05066251754761
-1.13215386867523
-0.90617644786835
-0.07045374810696
0.90720105171204
-0.55000430345535
-0.46113446354866
0.54754149913788
-3.36121511459351
0.30710166692734
1.31350529193878
-0.30573594570160
0.43917068839073
0.54693847894669
-0.51639699935913
0.41839891672134
-1.49536776542664
-0.75376600027084
1.40957129001617
1.01600277423859
-0.71910971403122
0.63066959381104
1.25277793407440
-1.18171691894531
-1.82493996620178
-0.35699310898781
-1.74792194366455
-0.62604123353958
0.83870708942413
-0.65156567096710
0.41396290063858
0.75591713190079
0.04567641019821
-0.04689377918839
-3.34612441062927
0.56172931194305
-2.13598322868347
0.76510667800903
0.10851881653070
0.14346095919609
-0.25048866868019
1.21608996391296
0.70145684480667
0.70046287775040
-0.47042042016983
-0.71044141054153
0.19114634394646
-0.66449129581451
-0.50136232376099
-0.30719837546349
0.79099047183990
-1.26855707168579
-0.52749079465866
-0.24145564436913
0.75785821676254
0.62846809625626
-0.61116707324982
0.43352365493774
-1.51767754554749
1.15925633907318
0.66287398338318
0.46759173274040
-0.62522262334824
0.48813414573669
0.34032469987869
-1.02898776531219
1.14242088794708
-0.51322615146637
-0.23704355955124
0.22616222500801
0.24426461756229
1.06835997104645
-0.76222997903824
0.32236430048943
-0.05807550251484
0.29585289955139
0.01533219777048
0.63109040260315
1.12096250057220
-1.05827271938324
0.52831512689590
0.18402713537216
0.54519599676132
0.23645983636379
0.69287371635437
0.00552105158567
0.16581599414349
0.34406632184982
1.12111794948578
-0.13646389544010
-2.20102310180664
-0.41627678275108
-1.31748831272125
0.45942544937134
-0.21349596977234
0.33489865064621
0.18357019126415
1.18062984943390
-0.43519112467766
-2.19931983947754
1.28895485401154
0.37204754352570
0.12322994321585
-0.40269568562508
-0.54490596055984
0.81614720821381
1.47083079814911
-0.31372469663620
1.51349163055420
1.03687727451324
-0.65536069869995
0.27411380410194
0.10238837450743
-0.07083810865879
-0.28721809387207
-3.30777335166931
-0.97115308046341
-0.13359689712524
0.35903605818748
-0.19896610081196
0.06047463789582
-0.44903150200844
-0.54008740186691
1.25602662563324
-3.49053621292114
0.69948536157608
0.00435316795483
0.15331801772118
0.81965517997742
1.57188272476196
-2.57286334037781
1.80991005897522
-0.41835463047028
-2.04684233665466
0.23895917832851
-0.39150699973106
-0.72517216205597
-0.13022869825363
0.59386724233627
1.02016139030457
0.10173908621073
1.12097513675690
-0.38220366835594
-0.05040530487895
-0.30068778991699
0.75669097900391
-2.90473604202271
-0.63049393892288
-0.28974404931068
-0.51660728454590
-0.60795253515244
-0.33100348711014
-0.30462834239006
-0.39537313580513
-0.19757288694382
-0.43236935138702
0.16092631220818
-0.04603121057153
-0.62613922357559
-0.25423288345337
-0.15623106062412
-0.31046509742737
0.05958995968103
0.46401026844978
0.23751805722713
-3.38403224945068
0.25659504532814
-0.75132578611374
0.74240970611572
-1.03944098949432
0.39454421401024
2.08272027969360
-0.52051240205765
-0.58456408977509
-0.74096024036407
0.22441935539246
-0.91084808111191
1.34873139858246
0.86901289224625
0.39255237579346
-0.77593445777893
-2.29059576988220
-1.65711498260498
-0.29320859909058
-0.04940141364932
0.83501827716827
-0.31681621074677
1.00934791564941
-2.18294358253479
-0.19733190536499
0.87306147813797
0.48748973011971
-0.26400518417358
1.26465594768524
-0.06074390187860
-0.22425597906113
-0.52194565534592
0.23070907592773
-2.05666565895081
-0.97253751754761
-0.98392170667648
0.59271979331970
0.56425064802170
0.20341828465462
0.60556161403656
-0.56519150733948
0.31017398834229
-0.10843373835087
-0.43888190388680
-0.45867654681206
0.86380910873413
-2.44690561294556
-1.40043091773987
-2.75969314575195
1.30031538009644
1.23130869865417
-1.76521444320679
1.16644835472107
-1.89256000518799
-0.31564089655876
-0.00073103519389
-0.65952259302139
-0.57408678531647
0.04158649966121
0.15660476684570
0.08694549649954
-0.94435107707977
0.09816736727953
0.71276617050171
-0.80896311998367
1.59457206726074
0.57413923740387
0.91246390342712
-0.17010608315468
-0.22003278136253
0.90073543787003
-1.40481674671173
-0.09047950059175
0.53648138046265
-1.78051447868347
-0.79270517826080
-0.77951568365097
-0.00964909419417
0.79042071104050
0.02825783006847
-0.83073246479034
-0.25808671116829
1.26188802719116
0.54042273759842
-1.69310176372528
0.12947337329388
1.53725731372833
-0.20834419131279
-0.35539385676384
-1.22249817848206
-0.33179596066475
-1.72392046451569
-0.84226554632187
0.72756093740463
-0.32851484417915
-1.52724432945251
-2.11027097702026
-1.41414952278137
-1.69277477264404
0.25506481528282
0.66072070598602
0.10060653835535
0.29242056608200
0.33225601911545
-0.44511502981186
-0.27831307053566
-0.28639823198318
0.03530691936612
1.01718115806580
0.70736283063889
-0.31343814730644
-0.71891027688980
-0.48808005452156
0.40847724676132
-0.48360368609428
-2.23512768745422
0.56778484582901
-0.76036882400513
-0.75205099582672
-1.24102389812469
0.32026618719101
1.05914175510406
0.14006865024567
-0.04693576693535
-0.99845379590988
0.17503732442856
-0.84859311580658
0.10958788543940
0.52089953422546
0.06468429416418
-0.97800964117050
-0.14233644306660
0.38735294342041
-0.39705815911293
-0.94954562187195
-1.29756832122803
0.68748921155930
0.10771960020065
-0.80990266799927
0.78279894590378
-2.25590848922729
0.28631016612053
-1.50315630435944
-0.03502687439322
-0.83248323202133
-0.35513973236084
0.99162024259567
-2.23581862449646
-0.11433305591345
-0.06839485466480
1.04921936988831
0.77473938465118
-1.06870210170746
-1.80106258392334
-1.60125529766083
-0.86943757534027
0.19318321347237
1.44746983051300
-0.02760385908186
-0.84540039300919
-2.20337367057800
1.20465457439423
0.45956707000732
-1.82090711593628
-0.53960156440735
0.55229991674423
-0.53154498338699
-0.58399826288223
0.21497778594494
-0.44376447796822
-2.43019771575928
-0.26189053058624
-1.39475476741791
-0.54182350635529
-1.21031904220581
0.65355747938156
-0.46626496315002
1.81195509433746
0.00369213544764
-2.91721034049988
-0.35902643203735
-0.31306356191635
0.83380138874054
-0.86435878276825
-0.59620016813278
0.27128824591637
-1.93009364604950
-0.48995527625084
0.85754156112671
0.30063843727112
0.25079646706581
0.27188152074814
-2.64259648323059
0.30187010765076
-0.73776900768280
1.05795550346375
-1.60487365722656
0.90726000070572
1.73046422004700
-0.34856885671616
-1.41968786716461
-0.50886040925980
0.42649614810944
-1.03718602657318
1.67814087867737
1.52040708065033
0.87159806489944
-2.21143460273743
0.90516251325607
-0.99662172794342
0.45412248373032
-0.24018076062202
-0.40269923210144
-0.91314494609833
0.98966556787491
0.08565173298120
0.19970418512821
0.24839918315411
0.36464452743530
0.72043037414551
0.32308357954025
-0.00993463583291
-0.98923641443253
-1.11098766326904
-1.65511178970337
-1.23136258125305
0.94614982604980
-1.95697224140167
-1.49848389625549
-2.17215657234192
-0.84712857007980
-1.12198996543884
-0.72435557842255
0.28261223435402
0.52224206924438
-1.23505902290344
0.50633221864700
1.74298739433289
-0.82718831300735
0.03281980007887
-0.16169713437557
-4.09976053237915
-1.02696645259857
-0.25163051486015
-2.97867679595947
-1.56778931617737
0.25205206871033
0.18472486734390
0.18387642502785
0.14495065808296
-0.47610729932785
0.44409385323524
-1.75958383083344
-2.00793933868408
-0.08747486025095
-0.48666894435883
-0.37115263938904
0.18526841700077
-1.04631888866425
-0.33859187364578
-0.43047130107880
-0.56704562902451
-1.00113236904144
0.08882516622543
0.02423230186105
-0.68648976087570
-0.43412452936172
-1.15121483802795
-0.49458137154579
-0.00813490245491
-0.94078379869461
-0.57479608058929
0.11865851283073
-1.61459922790527
-0.99420738220215
-1.01609432697296
-0.19834998250008
-0.90787595510483
-0.25430956482887
-1.14591348171234
0.20579017698765
-1.59050929546356
-2.00169610977173
-0.25170880556107
1.40986406803131
0.26984673738480
-0.27557834982872
0.72042500972748
1.10869884490967
0.15308667719364
0.08254377543926
-0.30084580183029
-1.09633386135101
1.21280395984650
0.64961200952530
-0.50660789012909
0.30340078473091
0.06195502728224
0.71980351209641
0.86448949575424
-0.15990902483463
-0.80431103706360
-0.46054086089134
-0.11463066935539
-1.35400283336639
0.53641480207443
-0.00258587277494
0.15414491295815
0.24263517558575
0.14925627410412
0.37754043936729
0.36751303076744
0.11056978255510
0.03571185097098
0.44051399827003
-3.20111560821533
-0.29383906722069
-0.55436342954636
-1.46447622776031
0.30793920159340
-0.47883632779121
0.98574471473694
0.23922958970070
1.54785239696503
-0.34319362044334
0.13909301161766
-0.88121902942657
-0.23035418987274
-2.78362655639648
-1.48584890365601
0.64557200670242
0.45697966217995
0.25058931112289
1.04483389854431
0.45623388886452
-2.61405706405640
-1.73976480960846
-1.04806065559387
-0.34691461920738
0.48893007636070
-0.02702146396041
0.19953410327435
0.41803184151649
-0.32146546244621
1.46027529239655
-2.41076827049255
0.82259976863861
-0.41718465089798
1.04484605789185
0.34580445289612
-1.02419030666351
0.40966078639030
0.39954090118408
-0.55656152963638
0.64923322200775
1.44288218021393
-0.32530623674393
0.61985450983047
1.67996656894684
-3.62892365455627
-0.25265702605247
-0.50773799419403
-0.61775618791580
0.35738310217857
-0.17655271291733
0.13825304806232
-0.18679107725620
-1.64338243007660
1.41590857505798
0.44214293360710
0.21276716887951
-0.08866935968399
-0.38401329517365
-0.83656114339828
0.79443705081940
-0.49923926591873
0.30687832832336
-0.85778504610062
-0.20398968458176
-0.28551420569420
0.59518486261368
1.11567950248718
-0.56832635402679
0.52924507856369
0.14035658538342
1.64898645877838
-0.97542643547058
-0.24696479737759
-3.07861900329590
-0.90445905923843
-0.95852357149124
-1.10046648979187
-2.04214739799500
-0.02319166250527
-0.31697469949722
0.08488313853741
-2.28807258605957
-0.52142179012299
-0.57756656408310
0.40214917063713
-0.06301189959049
-0.49799489974976
0.05372244119644
0.99776256084442
-1.22186017036438
-0.21976962685585
2.13134908676147
0.26375618577003
-0.31372493505478
0.26502817869186
0.44865387678146
0.61512190103531
-0.76558333635330
0.36701202392578
-1.11400020122528
1.57531249523163
-0.63353413343430
0.59341603517532
1.02153420448303
0.54325026273727
0.37119466066360
0.13673771917820
0.83410722017288
-1.00530064105988
-0.88352221250534
-1.55588281154633
1.01577150821686
-0.06769082695246
0.65092962980270
0.11724777519703
0.47887560725212
-0.04327034950256
-0.12274111807346
0.91686964035034
-0.47020593285561
1.02037501335144
-0.58822101354599
0.85151946544647
0.39021161198616
-0.48543938994408
-0.64738374948502
0.02417639084160
0.26865312457085
-0.04840572178364
0.48535478115082
-0.80415892601013
0.09184554219246
-0.07820177823305
-2.52834177017212
-0.89943611621857
0.10509699583054
-0.31321853399277
0.61335611343384
-0.68102300167084
0.88936841487885
-0.25130766630173
1.22262847423553
-0.45354989171028
-0.68818891048431
0.46592196822166
0.35391712188721
-0.28574118018150
0.56406068801880
-1.06873261928558
0.36180195212364
-0.40159612894058
0.81982606649399
1.09925901889801
-0.30467814207077
-0.21271784603596
0.29596832394600
-0.11043525487185
0.54289460182190
0.83628123998642
-1.23633754253387
-0.02962709963322
-4.42286872863770
-0.34841743111610
1.22115647792816
1.48165869712830
-1.68048655986786
-0.02601900696754
-0.12380795180798
0.15253470838070
-0.64675664901733
-4.22115659713745
0.68581455945969
-0.42855790257454
1.27847170829773
0.59900462627411
0.01340138167143
-0.19177114963531
0.00520618911833
0.22383564710617
1.16911697387695
0.84208649396896
-0.06545343995094
-0.51702809333801
-0.61277985572815
0.53830492496490
-2.45942282676697
-0.21977791190147
-1.29505658149719
-0.70103633403778
1.41991186141968
0.23614898324013
-1.74235987663269
-0.21766033768654
-1.10764229297638
0.91182744503021
0.11581223458052
0.41413199901581
-0.05765385180712
-0.25490722060204
1.09354686737061
0.05731790140271
0.54350334405899
0.43495008349419
-1.07664811611176
-0.09017128497362
-2.46069431304932
-0.29075399041176
-3.07248091697693
-0.10162704437971
1.19840550422668
-1.22021210193634
0.08206150680780
1.38151967525482
-0.01906708627939
-2.63902020454407
-0.23490951955318
-0.12083359807730
-0.25442075729370
0.27025112509727
1.66327297687531
-2.75208210945129
-0.56184381246567
0.48266050219536
-1.54568636417389
0.88844567537308
-0.14935721457005
-0.76230812072754
0.24737493693829
0.31783980131149
-0.21803200244904
-0.41969612240791
-2.40246677398682
0.06906947493553
-2.04759144783020
-1.03159666061401
-0.15686975419521
-0.04057527706027
0.25609681010246
0.77499723434448
0.04143029078841
0.35960906744003
0.57650244235992
0.78232556581497
-1.58038449287415
-1.00249660015106
-3.60394525527954
-0.18944163620472
0.04010352492332
-0.92848098278046
0.66630613803864
1.19992220401764
0.86708110570908
1.24356603622437
-1.42852056026459
-0.18554615974426
0.72904235124588
-0.49864512681961
0.41536507010460
-0.96228009462357
0.49914050102234
-3.43071365356445
0.47547256946564
0.05552726238966
1.31234288215637
1.20070266723633
1.07346069812775
-0.46624469757080
-0.59634715318680
-0.28838795423508
-1.01349699497223
-0.02563760615885
0.25986024737358
-0.53486287593842
-1.28330647945404
0.01678595319390
0.85462421178818
-0.80480682849884
-0.18930976092815
0.78348159790039
-0.27095928788185
-0.79615229368210
-0.02242651022971
0.03935524076223
0.36476930975914
1.41782796382904
0.01324597187340
0.17591874301434
-0.98896485567093
0.05584731698036
-0.94086438417435
1.52269482612610
0.38135725259781
-0.27620905637741
-1.02515351772308
0.10858318209648
-0.16714070737362
-0.57156234979630
-0.15137888491154
-1.17969238758087
0.33190608024597
-0.22016255557537
-0.47193768620491
-0.02421619184315
-0.26181921362877
-0.50604867935181
-0.96490240097046
-0.40816327929497
-0.27016243338585
-0.59876972436905
-1.45821559429169
0.78868001699448
-1.05476653575897
0.15622188150883
0.62188541889191
0.56525790691376
-0.49088206887245
0.75495839118958
1.13790488243103
-2.47836518287659
-2.24912905693054
-1.42345058917999
0.06814876198769
-1.57530879974365
-2.61780738830566
1.15577769279480
0.34353607892990
0.05872767791152
0.62173908948898
0.44017237424850
-0.11800849437714
-0.86901992559433
0.20761221647263
1.01132643222809
-1.50234830379486
0.62637263536453
0.40652716159821
0.09321397542953
-0.29620632529259
-0.67026185989380
1.07938969135284
1.03233253955841
0.39687228202820
-0.26531431078911
-2.33770465850830
0.27138730883598
-0.48939496278763
-0.08039421588182
-0.18472577631474
0.04379940032959
-3.72749590873718
-0.65040320158005
1.25250601768494
-0.43229082226753
0.08915955573320
-0.21417698264122
0.49924540519714
-0.67252224683762
0.20563645660877
-0.21849530935287
-1.68617820739746
0.59494304656982
1.07228147983551
1.79741215705872
-1.98621153831482
1.32388007640839
0.88178336620331
1.04896819591522
0.58245772123337
0.61520147323608
0.49883231520653
-2.97155880928040
0.18052925169468
0.07407233119011
-0.41069114208221
0.68507915735245
0.36457979679108
-1.85624051094055
0.76729476451874
-0.65300673246384
-0.04849353432655
-0.17565664649010
-0.37442898750305
0.39115780591965
-0.15143695473671
-1.03869652748108
-1.77844953536987
-1.51994919776917
0.10069190710783
0.86789524555206
-0.83604353666306
-0.13135901093483
1.30814802646637
-3.57600975036621
-0.28717324137688
-0.61483383178711
0.42084664106369
-0.53498542308807
-0.06502387672663
-0.08925750851631
-0.47517380118370
-2.24242734909058
0.82888460159302
0.25803196430206
-0.65539693832397
-0.26801487803459
0.80311834812164
0.34915918111801
0.12143065035343
-0.67130953073502
0.80540198087692
-1.77322769165039
0.82301926612854
0.52036798000336
-1.13002967834473
0.19213938713074
0.36665683984756
-3.04123616218567
-1.54962944984436
0.44638672471046
-0.05554377287626
-3.74273586273193
1.13690197467804
0.25362613797188
0.06410217285156
0.41579613089561
-0.66666680574417
-3.54576706886292
-0.56266772747040
-0.84721386432648
-4.87723445892334
-1.13107419013977
-0.25768640637398
-4.35565328598022
0.27938511967659
-1.97492408752441
0.51419764757156
0.22149218618870
-0.80450326204300
0.79147720336914
0.06589274853468
-2.15881514549255
2.03591132164001
-0.07499216496944
0.30489319562912
-0.28748539090157
0.70374482870102
0.59298062324524
1.06618750095367
-1.60012090206146
-1.09990358352661
-2.30311655998230
-0.13103206455708
0.66696065664291
0.10869414359331
0.17917580902576
-2.02569508552551
0.30440753698349
-0.35957157611847
-3.44697809219360
-1.65744006633759
1.25906097888947
-0.29552218317986
0.10627486556768
0.72146803140640
-0.11024483293295
0.70800250768661
-1.68214106559753
0.70109105110168
0.21350759267807
0.22706659138203
0.80378115177155
-0.99001753330231
-2.26249122619629
1.81873202323914
-1.03375375270844
0.21625830233097
-0.99736976623535
1.23206174373627
0.37099009752274
0.80944442749023
-1.92931687831879
0.49629127979279
-1.37087774276733
0.19536352157593
-0.54228603839874
0.27036088705063
0.54941105842590
0.15673042833805
-0.32152453064919
0.24283745884895
-0.30296972393990
0.47598266601562
0.23833322525024
0.23362350463867
0.70358067750931
0.97894614934921
-1.54656982421875
-0.62719058990479
-3.81586956977844
-1.69398999214172
-1.55471062660217
-2.02128624916077
-0.11488170176744
-0.99873256683350
0.21308021247387
-2.27765703201294
-0.70225548744202
0.70239931344986
-4.14678478240967
-0.31981524825096
0.53112190961838
-0.00904786027968
-3.70798087120056
0.29520344734192
0.59087389707565
-3.63653945922852
0.73925155401230
-2.27969646453857
-0.90393179655075
-1.13115835189819
0.45016133785248
0.17075128853321
-0.12729373574257
-0.70096927881241
0.10733874142170
0.86604052782059
0.02065580897033
1.15162587165833
-1.26901412010193
0.56419426202774
0.44212120771408
1.07088291645050
0.29769727587700
0.55238205194473
-1.12193346023560
0.72294962406158
1.03733623027802
-2.10447740554810
0.54874664545059
-0.19399712979794
-0.18819943070412
-0.94378930330276
0.72294455766678
-0.89614051580429
-0.48306879401207
0.88548552989960
1.56775116920471
0.74549931287766
0.25898301601410
1.09858143329620
-0.29703035950661
0.71101814508438
-1.28356981277466
0.44790402054787
-1.42263019084930
-0.90314561128616
1.14696884155273
0.46077957749367
-0.48205116391182
0.84829658269882
0.38924440741539
0.40571552515030
-0.30397444963455
0.37536543607712
0.38134410977364
0.93819612264633
-1.27417993545532
-1.08387947082520
0.31371486186981
-1.10858631134033
0.79231512546539
-0.36211857199669
0.64212870597839
-0.50271522998810
0.65956234931946
0.69098067283630
-0.45665577054024
-1.62334775924683
0.57668387889862
-0.86610811948776
-1.03833484649658
-0.90080964565277
1.04853928089142
0.98074394464493
-0.17552201449871
0.60052460432053
-0.83606153726578
1.49504351615906
-0.63058573007584
0.50996440649033
-0.82275807857513
-0.53747946023941
3.24628043174744
0.94238507747650
-0.90997332334518
0.83149003982544
-1.37615787982941
-3.77503442764282
-0.22763404250145
0.07302881777287
-0.06905649602413
0.62734615802765
-2.28353404998779
0.30797326564789
-0.68137520551682
-0.87321865558624
0.28217804431915
-3.76167201995850
1.36741590499878
-0.40079131722450
0.01997369527817
1.45675444602966
1.63961565494537
0.11195702850819
-0.52350145578384
-0.51104480028152
-0.76476466655731
1.47281277179718
0.55789798498154
0.16841140389442
-0.38536632061005
0.13372205197811
0.61603128910065
-0.01977680623531
0.54465603828430
-0.56147181987762
0.09138870239258
1.13266396522522
0.86283159255981
-1.23585581779480
-0.65834116935730
0.65282905101776
-0.66700780391693
-0.23021310567856
0.01979925669730
0.16312704980373
0.33889764547348
0.27940016984940
-0.04140167683363
-1.23789417743683
0.16398459672928
-1.08015036582947
0.39428973197937
-2.33011841773987
-0.12326225638390
0.40688797831535
0.08174681663513
0.89957821369171
-0.99152821302414
-1.43987703323364
0.32540100812912
-0.96306395530701
0.71493524312973
1.11101102828979
0.37160050868988
0.79582273960114
-0.40372630953789
-1.09000360965729
0.53898233175278
-0.15892656147480
0.79728513956070
-0.77595108747482
0.33346030116081
-0.20798496901989
-0.46893447637558
0.07907474786043
-0.30115517973900
-0.92283010482788
0.44191095232964
0.97014850378036
0.45069909095764
0.60265713930130
-0.33862504363060
0.37117481231689
-0.60650420188904
0.37179705500603
-1.29366004467010
-2.08262085914612
0.13179099559784
1.38945710659027
-1.18080949783325
-0.01873767189682
-1.89075517654419
-0.05669499188662
-0.83912718296051
-0.28903043270111
0.10630159080029
-4.40212106704712
0.58285057544708
0.18110294640064
-0.19785347580910
-0.82171177864075
-0.34051290154457
0.48555395007133
-0.65123587846756
0.83218687772751
-0.04234421998262
-0.32074388861656
-0.46496826410294
0.87712442874908
0.08359215408564
0.57814288139343
-0.31443646550179
0.32639446854591
-0.74559950828552
-0.28086817264557
-1.25766313076019
0.87299239635468
-0.28221410512924
-0.55689966678619
-2.47493529319763
-0.21739062666893
-0.02890818938613
0.26342785358429
-1.28614306449890
1.24459373950958
-0.76772093772888
1.26414239406586
-0.29954710602760
-0.08913190662861
-0.26232928037643
-1.38335371017456
1.45582485198975
-0.66099852323532
0.80371356010437
-0.27365791797638
0.66589832305908
1.27868175506592
-0.41638475656509
-0.20308293402195
-0.13039620220661
-1.42139446735382
1.19298064708710
-0.77132302522659
0.88542819023132
-1.20354950428009
0.80744820833206
-3.41145968437195
1.11757564544678
-0.48406320810318
0.94577062129974
0.33720478415489
-0.47727644443512
-0.43384662270546
0.24835893511772
-0.51621705293655
-0.59175914525986
0.76128929853439
-3.89298391342163
0.17358244955540
0.86716341972351
0.65019649267197
0.88787066936493
0.23171480000019
0.14135897159576
-1.06357181072235
-1.33660757541656
-0.07216316461563
1.77356028556824
0.71024405956268
0.10375978797674
0.81466728448868
0.27247914671898
0.38249447941780
-0.73927175998688
-0.23573680222034
0.01503498107195
-1.39007949829102
-0.73336338996887
-0.16292342543602
-0.78899800777435
-0.81856453418732
-1.16115939617157
0.67325079441071
-0.55829638242722
-0.91026288270950
0.34767264127731
-0.22460205852985
1.65361404418945
-0.53493469953537
-0.34800079464912
0.42898029088974
0.02241109311581
0.41224154829979
-0.64521902799606
0.41536629199982
-0.17394641041756
0.00145707838237
1.34932041168213
-1.34156191349030
0.64269900321960
0.47444346547127
-0.12688547372818
-0.42608332633972
0.04573144763708
0.24476563930511
-0.30312004685402
0.40205705165863
-0.18683117628098
0.60118079185486
-0.13149212300777
-0.54800492525101
1.04744136333466
-0.82500988245010
0.43205228447914
0.33317914605141
0.75846499204636
0.49290305376053
0.21719364821911
0.06912658363581
0.11401662230492
0.93936532735825
1.11147236824036
-0.36863303184509
-0.30659434199333
-1.21269619464874
0.22607068717480
-0.54863768815994
-2.39074301719666
-1.90722155570984
0.79397606849670
-0.44321230053902
-0.32368758320808
-0.35842302441597
0.45689314603806
0.61309528350830
0.55183774232864
-0.49081543087959
-1.85709607601166
-0.26472344994545
-0.41024470329285
0.27142041921616
0.17597347497940
1.07390487194061
0.05240558832884
0.06836646050215
0.52725893259048
-0.15574803948402
-0.93923884630203
0.36506506800652
-0.47445955872536
-0.00616370188072
1.03030800819397
-0.30923339724541
0.35484603047371
0.25756430625916
-0.16284984350204
1.33899843692780
-0.25994062423706
0.69168698787689
0.45647394657135
-0.86034405231476
1.48505008220673
0.08970817178488
0.32925090193748
0.20423215627670
-0.15192022919655
1.60992717742920
-0.93172776699066
0.42864051461220
-1.04127681255341
0.00251901219599
-1.10989654064178
-2.54171204566956
-0.25530320405960
-0.30383726954460
0.92384272813797
0.77749216556549
-1.09736990928650
0.76766860485077
-1.17543947696686
-1.45088446140289
0.35904720425606
0.00798389688134
0.03182800114155
0.08709109574556
0.66910910606384
0.33652070164680
0.85473543405533
0.23288691043854
0.52041983604431
0.65632593631744
-0.86106115579605
-0.41681644320488
-1.46584665775299
-0.48104053735733
0.79404848814011
0.90487080812454
0.84226250648499
0.64620399475098
0.59068244695663
-0.31600490212440
-0.28604236245155
-0.72990953922272
-1.95551490783691
-0.78378117084503
0.93702042102814
-0.62956404685974
1.13401353359222
-0.30742472410202
-0.21425116062164
-0.08789788186550
-0.15694060921669
-0.64393949508667
0.16826005280018
-0.63470858335495
1.00345504283905
1.02926039695740
1.01125681400299
-0.68600600957870
0.19411478936672
-0.12682075798512
-1.02468633651733
-2.06713080406189
-1.07674634456635
0.34859821200371
-0.64269483089447
0.11460313946009
-0.60324847698212
-0.55815315246582
0.22931995987892
0.16813373565674
0.18615494668484
-0.43775281310081
0.34569934010506
-0.33982437849045
-0.09697702527046
0.10892008244991
0.13128535449505
-0.23856146633625
-0.13684599101543
0.02982076816261
0.17593862116337
0.35001790523529
-2.99662661552429
-0.46426776051521
-0.51685029268265
-0.94885647296906
-2.86542534828186
-2.63643217086792
-0.93533253669739
0.22584812343121
-0.24761743843555
-1.36964356899261
-0.98112696409225
0.40224286913872
0.46452459692955
0.20722968876362
-0.54404008388519
0.14759106934071
0.08453314751387
0.53948628902435
-0.08312493562698
0.98321807384491
-1.75058650970459
0.88113248348236
-0.55091053247452
-0.47299703955650
-1.07176291942596
0.46943750977516
0.02615739777684
0.20464439690113
-1.85751450061798
-2.90980720520020
-0.68598240613937
-3.54353427886963
0.04030434787273
0.96580862998962
-0.91841924190521
-1.62275981903076
-0.97444784641266
-0.46532899141312
1.10675740242004
-0.28111234307289
-0.68475157022476
0.18966512382030
0.29490315914154
0.15372090041637
0.33319994807243
0.84717333316803
0.60758584737778
0.29516091942787
-1.77091121673584
0.19236664474010
-1.02278816699982
0.73313927650452
-0.49501800537109
1.44458544254303
-0.81807327270508
-0.41096028685570
0.13709200918674
-0.10140261054039
-1.04311251640320
-0.56866180896759
0.45520535111427
0.08882841467857
0.79829066991806
0.23511339724064
0.16926629841328
0.64222443103790
-1.53820133209229
0.55379289388657
-0.71023344993591
1.18142354488373
-2.29135012626648
-1.01471614837646
-0.54774653911591
-0.60171747207642
0.45062962174416
-0.66676419973373
-1.06523871421814
-0.59577327966690
0.51790791749954
-2.10979652404785
-0.18577231466770
-0.07396388798952
0.14899080991745
-0.41384381055832
-0.19868014752865
-4.00888729095459
0.18160656094551
0.75360941886902
0.34377688169479
-0.03970998525620
-2.53463625907898
0.38561472296715
0.76485079526901
-0.28059408068657
-0.11170104891062
-2.57116746902466
-0.49273943901062
0.36061772704124
-0.79815393686295
-1.20843338966370
-0.29433533549309
0.37028634548187
1.15846717357635
-1.08708238601685
-0.31090626120567
0.71488428115845
0.48662090301514
-0.46235063672066
1.04482722282410
-1.69628262519836
-0.81479936838150
1.27711653709412
-0.34020006656647
-0.09787980467081
-0.92277234792709
0.42641058564186
0.77972280979156
-0.33283692598343
-0.19517293572426
0.38590577244759
0.48746061325073
0.30908897519112
0.24962732195854
-0.48323500156403
0.10518257319927
-0.04865195229650
-1.44326210021973
-0.84234344959259
-0.93720901012421
-1.80946063995361
0.28582713007927
-0.31781384348869
0.16258926689625
-1.11783790588379
0.12793986499310
0.37419727444649
0.63658505678177
-0.05622225999832
-0.49213847517967
0.06881197541952
-0.25426810979843
0.84894901514053
-0.10018915683031
0.25626608729362
0.77288842201233
1.31865632534027
-0.00538890296593
0.62339168787003
-1.10632479190826
1.14720571041107
0.59555166959763
0.13474993407726
-1.14367473125458
-0.58890545368195
-0.61534416675568
-0.04617196321487
-3.34561824798584
0.29447406530380
-3.55579853057861
-1.01565361022949
-0.42505741119385
-2.32268047332764
-0.01124759018421
-1.19696855545044
-0.34550058841705
-0.86684733629227
-1.01378321647644
0.12067037820816
-0.24228942394257
0.30822864174843
-0.02334744669497
0.54431194067001
-0.99425405263901
0.75576859712601
-0.49513459205627
-0.90800553560257
0.79147684574127
-0.34211009740829
0.42817178368568
0.62439584732056
-3.58545351028442
-1.26782989501953
0.49309903383255
-2.24718356132507
0.34386643767357
0.17900490760803
0.12230247259140
-2.03429508209229
0.76687526702881
-0.28352099657059
-1.28656685352325
-1.86694276332855
0.29839718341827
0.88593596220016
0.36925882101059
-0.50331300497055
0.11350422352552
1.16051924228668
-1.16416597366333
-1.19971251487732
0.40672433376312
-0.56630021333694
0.27711370587349
-0.62186640501022
1.04573822021484
0.98047065734863
0.59960120916367
-0.06722592562437
0.54042196273804
1.24865853786469
0.54667109251022
0.44096758961678
-0.72364205121994
0.94289392232895
-0.10857003927231
-2.69294881820679
0.63071346282959
-1.36662256717682
0.66495758295059
0.26808303594589
-0.46113863587379
0.37200713157654
-1.58360576629639
0.05245415121317
0.35952001810074
-1.84819924831390
-1.25000429153442
0.00741053512320
0.85547941923141
-0.16713911294937
0.25822120904922
-0.73746556043625
-1.34405946731567
-0.73780566453934
-1.84543919563293
0.54796367883682
-0.11341365426779
-0.83474171161652
-1.59824442863464
-0.01175330299884
0.20158365368843
-1.64763045310974
-0.01881649717689
-2.56743383407593
-0.40616765618324
0.52664691209793
-2.20826530456543
-0.03363087028265
-0.32511544227600
-1.29961407184601
0.48090288043022
-0.95525014400482
0.86821395158768
0.86816918849945
-0.84979546070099
0.48732593655586
0.10498842597008
-0.52713721990585
-0.47101926803589
0.18654452264309
0.19204801321030
-0.15734264254570
-0.25165608525276
-0.05049084872007
-0.83567631244659
0.37289115786552
-0.55843216180801
-0.14678429067135
-0.03139548003674
-0.30460226535797
-0.08814302086830
0.31586182117462
0.27602159976959
-0.15221875905991
0.41288083791733
-0.47427234053612
0.20329041779041
-0.27133014798164
-0.15084442496300
0.12725885212421
0.23838749527931
0.20590588450432
0.37246122956276
0.13543623685837
-0.24553374946117
0.30756026506424
-0.63560396432877
0.22811929881573
-0.13824172317982
-0.70100516080856
0.47400057315826
0.09976761788130
-0.89167350530624
-0.11277391016483
0.12412215769291
-0.66398805379868
-0.58025032281876
0.40695127844810
-0.17928338050842
1.39165198802948
-0.21281571686268
-2.12108087539673
-0.42054566740990
1.62328052520752
-2.32907891273499
-0.20577114820480
-0.33255961537361
0.86788928508759
-0.62433761358261
-1.37913346290588
0.54425954818726
0.85177844762802
1.24902629852295
-0.31262630224228
-0.86870455741882
0.60898351669312
0.17742747068405
-0.25036427378654
-1.11091566085815
0.34754616022110
0.84028321504593
-0.26583483815193
0.81182062625885
-0.28881505131721
-0.18339794874191
-1.57782447338104
0.05517325922847
0.16008245944977
1.05743956565857
0.21982167661190
-0.65768146514893
-1.42046535015106
0.25258854031563
-0.25878998637199
-0.47701945900917
0.59688562154770
1.00194013118744
-0.20143371820450
-2.15853691101074
0.20685499906540
0.63058060407639
-3.74577832221985
-0.74662464857101
0.14458832144737
-0.09743784368038
1.65779304504395
0.43028908967972
-0.67250972986221
0.49383059144020
0.05960554257035
-0.60154139995575
-0.84294086694717
-0.44063243269920
-0.68933671712875
0.24871990084648
-2.20386576652527
-0.16223452985287
0.69982963800430
-1.41029238700867
-0.18573538959026
-0.48508626222610
-0.60542923212051
-0.21692012250423
-0.09472651779652
1.11745250225067
-0.40848091244698
1.59302020072937
-0.20021909475327
-0.16554452478886
0.23966598510742
-0.49788680672646
0.42754927277565
-0.97186368703842
-1.08545005321503
-1.36832010746002
1.05533301830292
0.15488587319851
-0.40204596519470
-0.15683679282665
0.30929198861122
0.76100015640259
0.83731377124786
-1.14562284946442
-0.92510586977005
0.65842008590698
0.33703944087029
-0.18008400499821
0.24760062992573
-0.48694831132889
0.70174986124039
0.06433197110891
-1.29031562805176
-0.96638339757919
-0.07384246587753
0.39514154195786
0.73524940013885
0.42801398038864
-0.89953607320786
1.02873659133911
-0.10511248558760
-0.74376302957535
0.25078317523003
-1.03270995616913
-0.09740971028805
1.59961092472076
0.50317978858948
-0.81810855865479
0.92000836133957
-0.47361063957214
0.17170353233814
0.76050686836243
0.54737180471420
-0.81000030040741
-1.34151566028595
-0.57686555385590
0.78783345222473
-1.31189441680908
0.49638074636459
0.00999925751239
-0.76481115818024
0.10461626946926
-1.29792654514313
-0.05101540312171
-1.59441113471985
-0.91913223266602
-0.07322771847248
-0.32669678330421
1.50010514259338
1.15671455860138
0.21464161574841
1.15836405754089
0.06058333814144
-0.69825810194016
0.80983638763428
1.17152595520020
0.39631578326225
1.22998273372650
-1.00881743431091
-1.79006516933441
-1.05317926406860
-1.43482148647308
-0.36107239127159
-0.04381616786122
0.34021341800690
-1.45488917827606
1.60077905654907
0.39161381125450
-0.02453130297363
-1.04852914810181
-0.49506238102913
0.87494379281998
0.53063684701920
0.20673547685146
0.39316824078560
0.46064966917038
0.54476571083069
-0.62847143411636
0.30978375673294
1.37264144420624
0.99606317281723
-1.23702895641327
-0.01332191936672
-0.09785561263561
-0.87591886520386
-0.10233468562365
-0.20739391446114
-0.76524156332016
1.15877521038055
0.47548097372055
-0.23842154443264
0.51996326446533
-0.04881163686514
-0.54723078012466
-0.78503340482712
0.39131271839142
-3.24576711654663
1.71030366420746
-0.51965194940567
0.25322461128235
0.09229716658592
0.07817405462265
-2.21895933151245
1.23668980598450
-0.39699706435204
0.80826288461685
0.01254630647600
0.77097517251968
0.41252455115318
-1.03283846378326
-0.12953118979931
-1.98142838478088
0.03966999053955
-0.92252629995346
0.63480067253113
-0.57581120729446
0.12368103861809
0.65616959333420
-0.27012619376183
-0.03944676369429
1.20451378822327
-0.64885538816452
-0.20012931525707
-0.79410368204117
-1.01044893264771
1.09347605705261
-0.75221288204193
-1.34190726280212
0.76102209091187
1.07915115356445
0.60810852050781
-0.18982249498367
0.47856792807579
0.07796204835176
0.80796843767166
-0.25454148650169
-1.42570006847382
0.01377001870424
0.26984807848930
0.85197955369949
-0.06696867942810
0.15131300687790
0.83374249935150
-0.90573906898499
0.96918100118637
0.54757452011108
-0.34359118342400
1.09665429592133
0.42313259840012
-0.39244529604912
-1.34009695053101
-0.41136848926544
-1.26967144012451
1.20166349411011
0.01529074646533
0.12950964272022
-0.09404674917459
-1.44257748126984
-1.68688559532166
-1.66328275203705
-0.04997656121850
0.10734315216541
-0.00268261460587
0.68536460399628
-0.81699341535568
-0.67540347576141
0.16540594398975
0.99058276414871
0.64735031127930
-0.03937540575862
-0.94237512350082
-0.74740630388260
-0.11117399483919
0.79136657714844
-0.03116758912802
-0.20742237567902
1.03417408466339
-0.44038397073746
0.65739428997040
0.41811478137970
-0.24840250611305
0.43219771981239
-1.92637550830841
-0.08151469379663
0.01343554072082
-2.00881385803223
0.17190109193325
-0.33285769820213
-0.35228645801544
0.93178147077560
0.80988055467606
0.25399041175842
-1.36805784702301
-0.38494750857353
-0.97075861692429
1.41051006317139
-0.46704018115997
-0.35222527384758
-0.01811314001679
-0.05196013301611
-0.09345845878124
0.04078320786357
-0.34363040328026
-0.06365435570478
-0.32364556193352
0.01680813357234
-0.45618322491646
-0.28742626309395
0.01709841750562
-0.58226686716080
-0.02610457688570
-0.48199647665024
-0.02460808865726
0.09552961587906
-0.59623831510544
-2.14827466011047
-0.95815265178680
-0.22431060671806
0.16105814278126
0.20708139240742
0.01154224760830
-0.01157022453845
0.70398133993149
0.20560443401337
-0.25249233841896
-0.11491430550814
0.40963307023048
-0.68955838680267
0.77274131774902
0.00644111586735
-0.48717036843300
0.44098693132401
0.91409498453140
-0.73967170715332
-3.90253710746765
-2.05291080474854
-1.89604210853577
0.24686753749847
-1.40584456920624
-0.42662984132767
-0.11270638555288
0.79292547702789
1.48074877262115
0.57607036828995
0.10081961005926
-0.67414867877960
-0.02404169738293
1.49760484695435
-0.82430219650269
-0.76999145746231
0.40639662742615
-1.00836098194122
-0.79520636796951
-0.69415217638016
0.43793451786041
-0.34840461611748
0.44498935341835
0.74062389135361
-2.35319089889526
-2.94228672981262
-0.27377265691757
-1.19107019901276
-0.94694578647614
0.49022990465164
0.28400039672852
0.53190642595291
-0.07811323553324
-0.41479250788689
1.27187061309814
1.28221893310547
-1.07489550113678
-0.77115613222122
0.17130866646767
-0.47857245802879
-0.01795072108507
-0.13699209690094
0.25035956501961
-0.98202013969421
0.81806737184525
0.39336600899696
-4.54263734817505
0.63901525735855
-0.98931097984314
0.36978784203529
-4.22419929504395
0.13602402806282
0.13393208384514
-0.00519770290703
0.02392713166773
-0.43400350213051
-1.56378650665283
-2.43607068061829
0.16181130707264
0.81822794675827
-0.31391218304634
-0.49983906745911
0.13935232162476
-0.91928726434708
0.22376932203770
-1.18164861202240
-1.06715881824493
0.99297302961349
-0.09641497582197
0.04487577080727
0.96379011869431
-0.04688792675734
0.86355477571487
0.16881224513054
-4.21642875671387
0.21932464838028
0.69355285167694
-1.16194832324982
0.01843525096774
0.11410637199879
0.28267654776573
-0.17706151306629
0.11528795212507
-1.62238609790802
0.08719542622566
0.11559642106295
-0.35498830676079
0.32859182357788
0.92598235607147
-0.03061361983418
0.44644710421562
-1.72424221038818
-0.64840871095657
0.06541135907173
0.23171211779118
-0.25039052963257
0.85757440328598
0.02267082221806
0.65318965911865
-0.59410500526428
-1.26285564899445
-0.96265149116516
-0.72417670488358
-2.99473619461060
1.87760674953461
0.22356745600700
0.01386588346213
-0.17493295669556
-2.04237222671509
-1.09436070919037
-0.15166050195694
-0.02995892241597
0.40523260831833
-1.62774300575256
0.55508220195770
0.90280282497406
0.44347575306892
-0.15337404608727
0.57034075260162
-0.66755342483521
-0.72948658466339
-0.66790705919266
1.01800310611725
-0.30491533875465
-2.32349252700806
-0.05618593096733
-1.37130749225616
0.46504259109497
-1.04281878471375
0.47329610586166
1.18885445594788
-0.54005229473114
-0.65994453430176
0.07024093717337
0.63135975599289
0.75978052616119
-2.60807013511658
0.35651895403862
-0.27855911850929
-1.53667259216309
0.03311448544264
1.11361384391785
0.37757366895676
0.55418395996094
-0.90298122167587
-1.09926784038544
1.03958785533905
0.18839864432812
-0.23363117873669
-0.40085119009018
0.83341443538666
0.31702065467834
0.80642002820969
0.84739780426025
-2.17360353469849
-1.19359254837036
-0.89717155694962
0.34624022245407
-0.62190496921539
-1.92918729782104
-0.86553448438644
-0.25705933570862
-0.29071375727654
-0.42197802662849
0.72320884466171
-0.31458938121796
0.95650941133499
0.75350314378738
-1.27504146099091
-0.25284767150879
0.97653198242188
-0.62802743911743
0.18255001306534
1.10675597190857
0.86419606208801
0.44827735424042
0.35658597946167
0.09942576289177
-1.58720409870148
-1.81116652488708
-1.41535878181458
-0.30212107300758
0.26108780503273
0.20996436476707
0.67738002538681
0.47894859313965
-0.83529669046402
-1.73086404800415
-0.32311436533928
-0.13679775595665
0.01876585185528
-2.73310685157776
0.86386877298355
0.69088214635849
-0.53739893436432
-1.38491392135620
-0.36595776677132
0.02607228979468
0.58899366855621
-0.96266782283783
0.28701332211494
-0.31049537658691
-0.90261638164520
-0.08189333230257
0.13550011813641
-0.68500643968582
-0.03648151084781
0.31963458657265
-0.41254952549934
-1.98187780380249
-0.42584863305092
1.17330467700958
-0.03746852278709
1.95258665084839
-0.66787880659103
-2.46988868713379
-0.87617987394333
-0.22674360871315
-0.15609849989414
-0.11468211561441
0.68650019168854
-0.12456009536982
-4.30374526977539
0.66172373294830
-0.31667506694794
-0.12598383426666
0.30439418554306
1.22295260429382
-0.21424061059952
0.85773897171021
0.23043592274189
-0.90452045202255
0.30660653114319
-0.01251593232155
-3.33548092842102
-0.31891375780106
-0.05948081612587
-0.49301913380623
-0.24740511178970
-0.03703192621469
-0.38825702667236
-0.05942163616419
0.17151118814945
-0.47573024034500
-0.42304423451424
-1.09632253646851
0.19383393228054
-0.05175036191940
0.08379022777081
0.10411261767149
-0.58076125383377
0.08344032615423
0.43889117240906
-0.28989183902740
-0.41590595245361
-0.19897982478142
-0.12590140104294
0.15614567697048
-0.28558209538460
0.41162431240082
-0.18833376467228
-0.57192206382751
-0.31742703914642
0.17163412272930
-0.30056655406952
-0.27827405929565
-0.38307523727417
0.27318593859673
-0.66403192281723
0.55243527889252
-0.61660283803940
1.12052905559540
-1.09641635417938
0.36378201842308
0.44841974973679
-0.10174847394228
0.49341958761215
0.05492232739925
0.51206308603287
-0.27268081903458
0.75785237550735
-0.39117851853371
0.91492640972137
0.58235001564026
0.56636726856232
-1.00212514400482
-0.18303227424622
0.31641653180122
0.78815287351608
0.60834997892380
0.92074114084244
-0.42175093293190
-0.04460817575455
0.40956950187683
-0.47932425141335
0.86411029100418
0.28709283471107
0.59636956453323
-0.43196254968643
0.56534242630005
0.28060534596443
0.62979048490524
0.09516286849976
0.74509340524673
-0.73915612697601
-0.72430056333542
-0.21497386693954
0.90028738975525
0.50292116403580
0.11997063457966
-0.69668459892273
0.13142065703869
0.39429256320000
-0.40620449185371
-0.66506361961365
-0.09328322112560
-0.07278301566839
-0.27437674999237
0.16571463644505
